-0.090 0.610 0 0 0 1
-0.280 0.890 0 0 0 1
0.870 -0.300 0 0 0 1
0.320 0.470 1 0 0 0
-0.440 -0.170 1 0 0 0
-0.960 -0.090 0 0 1 0
-0.830 0.650 0 1 0 0
-0.100 -0.380 0 0 1 0
0.320 0.820 1 0 0 0
-0.810 0.860 0 0 0 1
-0.430 0.430 0 1 0 0
-0.120 -0.390 1 0 0 0
-0.120 0.690 0 0 0 1
0.920 0.860 0 0 1 0
-0.410 -0.020 0 0 1 0
0.210 0.810 0 0 1 0
-0.820 0.020 0 0 0 1
-0.110 -0.230 0 0 1 0
0.900 -0.090 0 0 0 1
0.300 0.610 1 0 0 0
0.810 0.580 1 0 0 0
0.220 -0.410 0 1 0 0
-0.050 0.140 0 0 0 1
0.620 -0.980 0 0 0 1
0.380 0.530 1 0 0 0
0.160 0.020 0 0 1 0
0.630 0.010 0 0 1 0
-0.010 0.770 0 0 0 1
0.310 -0.150 0 1 0 0
-0.920 -0.960 0 0 1 0
0.590 -0.620 0 1 0 0
0.680 0.070 0 0 1 0
0.620 0.760 1 0 0 0
0.420 0.320 1 0 0 0
-0.640 0.310 0 1 0 0
-0.980 0.670 0 0 0 1
0.280 0.840 0 0 1 0
0.140 -0.710 0 0 0 1
0.080 -0.590 0 0 0 1
0.000 -0.100 0 0 1 0
-0.210 0.850 0 0 0 1
-0.530 -0.290 1 0 0 0
-0.780 -0.530 1 0 0 0
-0.400 0.130 0 1 0 0
-0.470 -0.510 1 0 0 0
0.820 -0.490 0 1 0 0
-0.160 0.960 0 0 0 1
0.780 0.510 1 0 0 0
0.150 0.560 1 0 0 0
-0.280 0.920 0 0 0 1
0.690 -0.840 0 1 0 0
-0.780 -0.290 1 0 0 0
0.300 -0.780 0 1 0 0
0.420 -0.370 0 1 0 0
-0.900 -0.490 0 0 1 0
0.820 -0.600 0 1 0 0
0.690 0.810 1 0 0 0
-0.550 0.460 0 1 0 0
-0.620 -0.190 1 0 0 0
-0.990 0.460 0 0 0 1
-0.830 0.560 0 1 0 0
0.700 0.070 0 0 1 0
-0.500 -0.700 1 0 0 0
-0.130 -0.260 0 0 1 0
0.140 -0.260 0 0 0 1
0.070 0.110 0 0 1 0
0.770 0.370 1 0 0 0
0.690 -0.100 0 0 0 1
-0.390 -0.970 0 0 1 0
0.590 -0.520 0 1 0 0
-0.020 0.930 0 0 0 1
0.770 -0.180 0 0 0 1
-0.370 0.160 0 1 0 0
0.450 0.860 1 0 0 0
0.790 -0.110 0 0 0 1
-0.600 -0.430 1 0 0 0
-0.970 0.770 0 0 0 1
-0.800 0.590 0 1 0 0
-0.700 0.990 0 0 0 1
0.010 0.770 0 0 1 0
-0.570 -0.500 1 0 0 0
-0.170 0.620 0 1 0 0
0.900 -0.500 0 1 0 0
0.150 0.840 0 0 1 0
-0.670 0.350 0 1 0 0
0.200 -0.160 0 0 0 1
-0.900 -0.040 0 0 1 0
0.580 0.590 1 0 0 0
-0.290 -0.650 1 0 0 0
0.610 -0.190 0 1 0 0
0.410 0.060 0 0 1 0
0.900 0.570 0 0 1 0
-0.360 0.450 0 1 0 0
0.840 -0.800 0 0 0 1
0.370 -0.010 0 0 0 1
0.520 -0.370 0 1 0 0
-0.700 -0.490 1 0 0 0
-0.930 -0.690 0 0 1 0
-0.270 -0.090 0 0 1 0
-0.840 -0.970 0 0 1 0
-0.910 -0.260 0 0 1 0
0.570 -0.040 0 0 0 1
0.370 0.590 1 0 0 0
-0.170 0.470 0 1 0 0
0.380 -0.530 0 1 0 0
0.140 0.210 0 0 1 0
0.720 0.570 1 0 0 0
0.700 -0.450 0 1 0 0
-0.290 0.630 0 1 0 0
-0.030 0.260 0 0 0 1
-0.710 0.230 0 1 0 0
-0.680 -0.410 1 0 0 0
-0.700 0.280 0 1 0 0
0.000 -0.610 0 0 1 0
-0.430 0.580 0 1 0 0
0.300 0.330 1 0 0 0
0.920 0.700 0 0 1 0
-0.800 -0.780 0 0 1 0
-0.990 0.420 0 0 0 1
-0.920 -0.720 0 0 1 0
-0.530 0.280 0 1 0 0
-0.930 -0.640 0 0 1 0
-0.410 -0.860 1 0 0 0
0.740 0.020 0 0 1 0
0.530 -0.990 0 0 0 1
0.970 0.250 0 0 1 0
-0.010 -0.830 0 0 1 0
-0.520 -0.870 1 0 0 0
-0.320 0.910 0 0 0 1
0.660 0.110 0 0 1 0
-0.040 0.100 0 0 0 1
-0.870 -0.260 0 0 1 0
-0.670 -0.730 1 0 0 0
-0.750 -0.760 1 0 0 0
-0.180 0.900 0 0 0 1
-0.220 0.060 0 0 0 1
-0.650 0.360 0 1 0 0
-0.440 0.650 0 1 0 0
0.360 -0.680 0 1 0 0
0.020 0.590 0 0 1 0
-0.160 0.050 0 0 0 1
0.060 -0.130 0 0 0 1
-0.010 0.000 0 0 1 0
0.930 -0.100 0 0 0 1
0.980 -0.740 0 0 0 1
-0.950 0.950 0 0 0 1
-0.110 0.870 0 0 0 1
-0.040 -0.500 0 0 1 0
-0.850 0.180 0 0 0 1
0.110 -0.260 0 0 0 1
0.890 0.940 0 0 1 0
0.350 -0.900 0 0 0 1
0.840 0.780 0 0 1 0
-0.490 -0.400 1 0 0 0
-0.220 0.370 0 1 0 0
0.410 -0.980 0 0 0 1
-0.320 0.800 0 1 0 0
-0.490 -0.020 0 0 1 0
0.130 -0.420 0 1 0 0
0.610 0.740 1 0 0 0
0.060 -0.140 0 0 0 1
-0.880 -0.390 1 0 0 0
-0.010 0.940 0 0 0 1
0.300 0.930 0 0 1 0
-0.180 0.840 0 0 0 1
0.830 0.810 0 0 1 0
-0.210 -0.740 1 0 0 0
0.190 -0.180 0 0 0 1
-0.900 -0.530 0 0 1 0
0.830 0.030 0 0 1 0
0.090 -0.940 0 0 0 1
0.840 0.260 0 0 1 0
0.730 -0.960 0 0 0 1
-0.580 -0.420 1 0 0 0
0.750 0.450 1 0 0 0
0.290 -0.390 0 1 0 0
0.510 -0.080 0 0 0 1
0.770 -0.130 0 0 0 1
0.060 0.030 0 0 1 0
0.330 0.670 1 0 0 0
-0.910 -0.550 0 0 1 0
0.520 0.490 1 0 0 0
-0.380 0.360 0 1 0 0
-0.440 0.850 0 1 0 0
-0.170 0.970 0 0 0 1
-0.640 -0.140 1 0 0 0
0.910 0.010 0 0 1 0
0.980 0.490 0 0 1 0
-0.060 -0.690 0 0 1 0
-0.100 0.060 0 0 0 1
-0.470 0.880 0 1 0 0
0.810 -0.230 0 0 0 1
0.120 -0.690 0 0 0 1
-0.210 -0.110 0 0 1 0
-0.520 -0.430 1 0 0 0
-0.610 0.420 0 1 0 0
-0.750 0.760 0 1 0 0
0.340 -0.850 0 1 0 0
0.820 0.260 1 0 0 0
-0.300 -0.090 0 0 1 0
-0.940 0.450 0 0 0 1
0.910 -0.800 0 0 0 1
-0.710 -0.450 1 0 0 0
-0.410 -0.910 0 0 1 0
0.790 0.700 1 0 0 0
0.930 0.730 0 0 1 0
-0.240 0.800 0 1 0 0
-0.220 -0.340 1 0 0 0
-0.780 0.590 0 1 0 0
-0.050 -0.170 0 0 1 0
-0.860 0.680 0 0 0 1
-0.350 -0.880 0 0 1 0
0.870 0.320 0 0 1 0
-0.790 -0.670 1 0 0 0
-0.690 0.730 0 1 0 0
0.830 0.080 0 0 1 0
-0.670 -0.060 0 0 1 0
-0.800 0.470 0 1 0 0
-0.180 -0.470 1 0 0 0
0.390 0.580 1 0 0 0
-0.910 -0.930 0 0 1 0
0.500 -0.750 0 1 0 0
-0.020 -0.210 0 0 1 0
-0.120 0.790 0 0 0 1
0.590 -0.960 0 0 0 1
0.920 0.150 0 0 1 0
-0.870 0.090 0 0 0 1
0.180 0.940 0 0 1 0
-0.890 0.300 0 0 0 1
0.110 -0.230 0 0 0 1
0.430 -0.750 0 1 0 0
-0.050 -0.480 0 0 1 0
-0.390 0.050 0 0 0 1
-0.080 0.060 0 0 0 1
0.390 -0.370 0 1 0 0
-0.160 0.660 0 1 0 0
-0.750 0.980 0 0 0 1
0.480 -0.570 0 1 0 0
0.320 -0.760 0 1 0 0
0.670 -0.020 0 0 0 1
-0.660 0.690 0 1 0 0
0.340 -0.610 0 1 0 0
-0.750 0.340 0 1 0 0
-0.910 -0.820 0 0 1 0
-0.500 -0.420 1 0 0 0
-0.160 -0.630 1 0 0 0
0.990 0.980 0 0 1 0
-0.830 -0.440 1 0 0 0
-0.640 -0.020 0 0 1 0
0.610 0.770 1 0 0 0
0.420 -0.830 0 1 0 0
-0.420 0.320 0 1 0 0
-0.030 -0.370 0 0 1 0
0.770 -0.690 0 1 0 0
0.210 0.100 0 0 1 0
0.690 -0.830 0 1 0 0
-0.910 0.100 0 0 0 1
-0.200 0.420 0 1 0 0
0.550 -0.420 0 1 0 0
-0.620 0.350 0 1 0 0
-0.030 -0.270 0 0 1 0
-0.780 -0.780 1 0 0 0
-0.880 0.740 0 0 0 1
-0.540 0.800 0 1 0 0
0.300 -0.200 0 1 0 0
0.830 -0.500 0 1 0 0
0.770 -0.830 0 0 0 1
0.020 -0.420 0 0 0 1
0.490 0.960 0 0 1 0
-0.930 -0.940 0 0 1 0
0.680 -0.980 0 0 0 1
-0.600 -0.520 1 0 0 0
-0.080 0.600 0 0 0 1
0.820 0.180 0 0 1 0
-0.410 -0.340 1 0 0 0
0.970 0.140 0 0 1 0
-0.980 0.990 0 0 0 1
0.980 0.590 0 0 1 0
0.560 -0.950 0 0 0 1
0.770 0.950 0 0 1 0
0.800 0.170 0 0 1 0
0.060 -0.760 0 0 0 1
-0.360 0.340 0 1 0 0
0.600 -0.260 0 1 0 0
0.420 -0.440 0 1 0 0
-0.870 -0.990 0 0 1 0
0.040 0.480 0 0 1 0
-0.890 -0.690 0 0 1 0
0.360 0.270 1 0 0 0
0.770 -0.140 0 0 0 1
0.360 0.110 0 0 1 0
0.760 -0.590 0 1 0 0
-0.520 0.360 0 1 0 0
-0.160 0.940 0 0 0 1
0.410 0.190 1 0 0 0
-0.070 0.990 0 0 0 1
-0.460 0.460 0 1 0 0
-0.290 -0.670 1 0 0 0
0.750 -0.980 0 0 0 1
-0.360 -0.710 1 0 0 0
-0.160 0.700 0 1 0 0
0.550 -0.240 0 1 0 0
0.080 0.380 0 0 1 0
-0.740 0.160 0 0 0 1
-0.710 -0.220 1 0 0 0
-0.930 0.830 0 0 0 1
0.280 0.160 0 0 1 0
0.510 0.310 1 0 0 0
0.630 -0.660 0 1 0 0
0.370 -0.090 0 0 0 1
-0.840 0.010 0 0 0 1
0.700 0.950 0 0 1 0
-0.370 0.680 0 1 0 0
-0.850 -0.830 0 0 1 0
-0.730 -0.650 1 0 0 0
0.410 -0.060 0 0 0 1
-0.780 0.310 0 1 0 0
0.980 0.110 0 0 1 0
0.120 0.590 1 0 0 0
0.040 0.720 0 0 1 0
0.120 0.530 1 0 0 0
-0.930 0.650 0 0 0 1
0.180 0.810 0 0 1 0
0.950 0.010 0 0 1 0
0.130 0.410 1 0 0 0
-0.840 -0.590 1 0 0 0
0.790 0.080 0 0 1 0
-0.100 0.190 0 0 0 1
0.730 -0.400 0 1 0 0
-0.330 0.450 0 1 0 0
-0.220 -0.990 0 0 1 0
-0.900 0.470 0 0 0 1
-0.400 -0.910 0 0 1 0
-0.120 0.900 0 0 0 1
0.830 0.490 1 0 0 0
0.620 0.940 0 0 1 0
0.660 0.590 1 0 0 0
0.020 0.970 0 0 1 0
0.380 0.520 1 0 0 0
-0.150 -0.970 0 0 1 0
0.280 0.450 1 0 0 0
0.710 -0.580 0 1 0 0
0.700 -0.270 0 1 0 0
-0.890 -0.770 0 0 1 0
0.840 0.610 1 0 0 0
0.440 -0.990 0 0 0 1
0.320 -0.510 0 1 0 0
0.970 0.960 0 0 1 0
0.280 0.430 1 0 0 0
0.760 -0.720 0 1 0 0
0.330 -0.790 0 1 0 0
-0.770 -0.200 0 0 1 0
-0.960 0.740 0 0 0 1
-0.980 -0.220 0 0 1 0
0.660 -0.300 0 1 0 0
-0.220 0.910 0 0 0 1
-0.420 -0.810 1 0 0 0
-0.620 0.140 0 1 0 0
-0.220 -0.140 0 0 1 0
0.980 -0.350 0 0 0 1
0.410 -0.100 0 0 0 1
0.640 0.790 1 0 0 0
0.230 -0.020 0 0 0 1
0.010 0.620 0 0 1 0
-0.920 0.340 0 0 0 1
0.950 0.600 0 0 1 0
0.150 -0.420 0 1 0 0
0.870 -0.310 0 0 0 1
0.090 0.460 0 0 1 0
-0.650 -0.790 1 0 0 0
0.140 0.280 0 0 1 0
0.320 0.550 1 0 0 0
-0.920 0.980 0 0 0 1
-0.430 0.000 0 0 1 0
0.250 -0.850 0 0 0 1
-1.000 0.440 0 0 0 1
0.340 0.170 1 0 0 0
-0.580 0.030 0 0 0 1
0.570 -0.790 0 1 0 0
-0.750 -0.130 0 0 1 0
0.310 -0.550 0 1 0 0
-0.160 0.330 0 1 0 0
-0.660 0.030 0 0 0 1
-0.420 -0.030 0 0 1 0
0.890 -0.140 0 0 0 1
-0.050 -0.510 0 0 1 0
-0.560 -0.090 0 0 1 0
-0.080 -0.030 0 0 1 0
0.310 0.980 0 0 1 0
-0.440 -0.370 1 0 0 0
-0.090 -0.020 0 0 1 0
-0.230 -0.440 1 0 0 0
-0.050 -0.980 0 0 1 0
-0.290 -0.900 0 0 1 0
-0.470 -0.260 1 0 0 0
0.700 0.290 1 0 0 0
0.640 -0.670 0 1 0 0
0.690 0.180 1 0 0 0
0.360 0.860 1 0 0 0
0.350 -0.660 0 1 0 0
0.900 -0.250 0 0 0 1
-0.140 -0.830 0 0 1 0
0.650 -0.020 0 0 0 1
0.100 0.280 0 0 1 0
-0.850 0.810 0 0 0 1
-0.340 -0.220 1 0 0 0
-0.170 0.330 0 1 0 0
0.640 0.300 1 0 0 0
-0.960 0.510 0 0 0 1
0.620 0.670 1 0 0 0
0.920 -0.250 0 0 0 1
-0.740 0.720 0 1 0 0
-0.840 -0.080 0 0 1 0
0.660 -0.020 0 0 0 1
-1.000 -0.190 0 0 1 0
-0.980 -0.350 0 0 1 0
0.250 -0.300 0 1 0 0
0.090 0.900 0 0 1 0
-0.780 -0.480 1 0 0 0
-0.850 -0.090 0 0 1 0
-0.030 -0.970 0 0 1 0
0.000 -0.590 0 0 1 0
0.690 -0.050 0 0 0 1
-0.100 -0.930 0 0 1 0
-0.150 -0.420 1 0 0 0
0.990 -0.640 0 0 0 1
-0.030 -0.850 0 0 1 0
0.790 -0.930 0 0 0 1
-0.440 0.130 0 1 0 0
0.980 -0.160 0 0 0 1
0.650 0.500 1 0 0 0
0.410 -0.060 0 0 0 1
-0.740 -0.070 0 0 1 0
-0.600 -0.510 1 0 0 0
0.040 -0.700 0 0 0 1
0.390 0.400 1 0 0 0
-0.470 0.710 0 1 0 0
0.730 -0.300 0 1 0 0
0.400 0.200 1 0 0 0
0.980 -0.500 0 0 0 1
0.960 -0.260 0 0 0 1
-0.340 0.250 0 1 0 0
-0.710 -0.480 1 0 0 0
0.020 0.540 0 0 1 0
-0.230 -0.650 1 0 0 0
0.680 -0.030 0 0 0 1
0.010 0.220 0 0 1 0
0.310 0.360 1 0 0 0
0.880 -0.770 0 0 0 1
0.770 0.050 0 0 1 0
-0.480 -0.340 1 0 0 0
0.130 0.560 1 0 0 0
-0.910 -0.330 0 0 1 0
-0.200 -0.060 0 0 1 0
0.570 0.180 1 0 0 0
0.010 0.340 0 0 1 0
-0.510 -0.750 1 0 0 0
-0.600 0.430 0 1 0 0
-0.980 0.080 0 0 0 1
0.650 -0.520 0 1 0 0
0.200 -0.180 0 0 0 1
0.820 0.830 0 0 1 0
-0.740 -0.170 0 0 1 0
-0.630 0.330 0 1 0 0
0.390 -0.690 0 1 0 0
0.780 -0.220 0 1 0 0
-0.560 0.800 0 1 0 0
-0.470 0.310 0 1 0 0
0.300 0.430 1 0 0 0
-0.730 -0.270 1 0 0 0
0.040 0.710 0 0 1 0
0.200 -0.330 0 1 0 0
-1.000 -0.940 0 0 1 0
-0.970 -0.830 0 0 1 0
0.610 -0.200 0 1 0 0
-0.580 -0.530 1 0 0 0
-0.160 0.260 0 0 0 1
0.320 -0.910 0 0 0 1
0.110 -0.050 0 0 0 1
-0.710 0.410 0 1 0 0
-0.510 0.370 0 1 0 0
0.230 0.090 0 0 1 0
-0.950 0.410 0 0 0 1
0.680 0.780 1 0 0 0
-0.750 0.110 0 0 0 1
-0.900 0.760 0 0 0 1
-0.880 0.170 0 0 0 1
-0.370 0.650 0 1 0 0
-0.590 0.760 0 1 0 0
-0.910 0.080 0 0 0 1
-0.990 -0.690 0 0 1 0
-0.140 -0.840 0 0 1 0
-0.080 0.350 0 0 0 1
0.070 -0.560 0 0 0 1
-0.410 0.970 0 0 0 1
0.650 0.420 1 0 0 0
0.450 -0.670 0 1 0 0
-0.270 0.650 0 1 0 0
-1.000 0.050 0 0 0 1
0.650 0.270 1 0 0 0
0.540 0.720 1 0 0 0
-0.880 0.880 0 0 0 1
-0.330 0.790 0 1 0 0
-0.620 -0.440 1 0 0 0
-0.850 0.610 0 1 0 0
0.260 0.830 0 0 1 0
0.650 0.950 0 0 1 0
0.500 0.500 1 0 0 0
0.190 0.200 0 0 1 0
0.900 -0.960 0 0 0 1
0.120 0.800 0 0 1 0
0.940 -0.700 0 0 0 1
-0.230 -0.030 0 0 1 0
-0.200 -0.840 0 0 1 0
-0.550 0.830 0 1 0 0
-0.550 0.340 0 1 0 0
-0.940 0.710 0 0 0 1
-0.870 0.250 0 0 0 1
0.880 0.380 1 0 0 0
-0.600 0.090 0 0 0 1
-0.970 -0.390 0 0 1 0
-0.940 -0.710 0 0 1 0
-0.620 0.730 0 1 0 0
0.810 0.570 1 0 0 0
0.950 0.770 0 0 1 0
-0.370 0.960 0 0 0 1
-0.260 -0.890 0 0 1 0
0.570 -0.780 0 1 0 0
0.650 0.470 1 0 0 0
-1.000 -0.310 0 0 1 0
-0.140 -0.350 1 0 0 0
-0.010 -0.380 0 0 1 0
0.270 -0.620 0 1 0 0
0.900 -0.870 0 0 0 1
-0.610 0.490 0 1 0 0
0.650 0.890 0 0 1 0
0.350 -0.500 0 1 0 0
-0.080 -0.460 0 0 1 0
0.410 0.340 1 0 0 0
-0.800 -0.330 1 0 0 0
0.780 -0.330 0 1 0 0
0.940 0.560 0 0 1 0
-0.200 -0.640 1 0 0 0
0.980 -0.530 0 0 0 1
0.450 -0.060 0 0 0 1
-0.210 0.400 0 1 0 0
-0.710 -0.990 0 0 1 0
0.200 0.050 0 0 1 0
0.040 0.690 0 0 1 0
0.060 0.020 0 0 1 0
-0.730 0.250 0 1 0 0
0.950 -0.130 0 0 0 1
0.760 0.580 1 0 0 0
-0.700 -0.120 0 0 1 0
0.450 -0.840 0 1 0 0
-0.950 -0.720 0 0 1 0
0.710 -0.880 0 0 0 1
-0.520 -0.520 1 0 0 0
-0.900 0.580 0 0 0 1
0.480 0.620 1 0 0 0
-0.830 0.030 0 0 0 1
0.510 -0.380 0 1 0 0
0.140 -0.820 0 0 0 1
0.860 0.690 0 0 1 0
0.640 -0.760 0 1 0 0
0.250 -0.430 0 1 0 0
0.160 0.660 1 0 0 0
-0.950 0.190 0 0 0 1
0.490 -0.070 0 0 0 1
-0.440 0.760 0 1 0 0
-0.280 0.250 0 1 0 0
0.560 0.110 1 0 0 0
0.260 0.200 1 0 0 0
-0.190 -0.590 1 0 0 0
-0.100 -0.500 1 0 0 0
0.330 0.380 1 0 0 0
-0.840 -0.850 0 0 1 0
-0.490 -0.100 0 0 1 0
0.300 0.080 0 0 1 0
-0.290 -0.260 1 0 0 0
0.810 0.330 1 0 0 0
0.970 0.570 0 0 1 0
0.910 0.300 0 0 1 0
0.810 0.190 0 0 1 0
0.060 -0.720 0 0 0 1
0.960 0.780 0 0 1 0
-0.290 0.410 0 1 0 0
0.990 -0.080 0 0 0 1
-0.560 0.470 0 1 0 0
0.510 0.360 1 0 0 0
-0.120 0.530 0 1 0 0
0.760 -0.420 0 1 0 0
-0.780 0.460 0 1 0 0
0.990 -0.020 0 0 0 1
-0.960 -0.760 0 0 1 0
-0.630 0.710 0 1 0 0
-0.280 -0.030 0 0 1 0
-0.160 0.060 0 0 0 1
0.010 -0.620 0 0 0 1
0.790 -0.710 0 1 0 0
0.560 -0.940 0 0 0 1
-0.270 0.750 0 1 0 0
-0.560 0.100 0 0 0 1
0.520 -0.190 0 1 0 0
0.560 0.340 1 0 0 0
-0.060 0.410 0 0 0 1
0.150 -0.190 0 0 0 1
0.850 0.390 1 0 0 0
0.670 -0.380 0 1 0 0
-0.830 0.760 0 0 0 1
-0.960 0.050 0 0 0 1
-0.380 0.230 0 1 0 0
0.940 0.920 0 0 1 0
0.140 -0.670 0 1 0 0
-0.740 -0.080 0 0 1 0
0.660 0.190 1 0 0 0
-0.580 0.350 0 1 0 0
0.000 -0.250 0 0 1 0
-0.570 -0.610 1 0 0 0
0.210 -0.010 0 0 0 1
0.500 0.790 1 0 0 0
0.630 -0.190 0 1 0 0
-0.700 -0.880 0 0 1 0
0.710 0.000 0 0 1 0
-0.930 -0.880 0 0 1 0
0.240 -0.620 0 1 0 0
0.600 -0.580 0 1 0 0
0.870 0.060 0 0 1 0
0.550 0.450 1 0 0 0
-0.660 -0.330 1 0 0 0
-0.030 -0.400 0 0 1 0
0.920 0.800 0 0 1 0
0.570 1.000 0 0 1 0
-0.060 0.960 0 0 0 1
-0.440 0.150 0 1 0 0
0.040 -0.100 0 0 0 1
0.490 -0.410 0 1 0 0
0.790 -0.820 0 0 0 1
-0.680 0.030 0 0 0 1
-0.620 0.960 0 0 0 1
0.620 0.150 1 0 0 0
0.130 -0.840 0 0 0 1
-0.820 0.070 0 0 0 1
0.690 -0.720 0 1 0 0
1.000 0.750 0 0 1 0
0.680 0.810 1 0 0 0
0.830 -0.360 0 1 0 0
-0.900 0.120 0 0 0 1
0.300 -0.510 0 1 0 0
-0.510 -0.220 1 0 0 0
-0.900 -0.100 0 0 1 0
-0.940 0.060 0 0 0 1
0.230 -0.870 0 0 0 1
0.740 -0.900 0 0 0 1
-0.320 -0.330 1 0 0 0
0.770 0.840 0 0 1 0
-0.170 0.460 0 1 0 0
-1.000 -0.480 0 0 1 0
-0.020 0.350 0 0 0 1
-0.480 0.030 0 0 0 1
-0.850 0.460 0 1 0 0
-0.580 0.450 0 1 0 0
-0.030 -0.790 0 0 1 0
-0.440 0.430 0 1 0 0
-0.640 0.960 0 0 0 1
0.750 -0.230 0 1 0 0
0.830 -0.170 0 0 0 1
-0.860 0.390 0 1 0 0
-0.150 0.480 0 1 0 0
0.680 0.520 1 0 0 0
-0.780 0.920 0 0 0 1
-0.220 0.560 0 1 0 0
-0.280 0.660 0 1 0 0
0.700 0.190 1 0 0 0
-0.620 0.250 0 1 0 0
0.700 -0.290 0 1 0 0
0.500 -0.990 0 0 0 1
0.740 0.540 1 0 0 0
-0.910 0.900 0 0 0 1
-0.340 -0.900 0 0 1 0
-0.950 -0.730 0 0 1 0
-0.480 0.680 0 1 0 0
-1.000 0.760 0 0 0 1
-0.840 -0.290 1 0 0 0
-0.060 -0.530 0 0 1 0
0.760 0.480 1 0 0 0
0.260 0.340 1 0 0 0
0.230 0.030 0 0 1 0
-0.270 -0.130 0 0 1 0
-0.850 0.980 0 0 0 1
-0.650 -0.470 1 0 0 0
0.590 0.890 0 0 1 0
0.740 0.670 1 0 0 0
-0.270 -0.730 1 0 0 0
-0.890 -0.790 0 0 1 0
-0.210 0.830 0 0 0 1
0.950 -0.990 0 0 0 1
-0.310 0.470 0 1 0 0
-0.740 -0.640 1 0 0 0
0.800 0.330 1 0 0 0
-0.470 0.570 0 1 0 0
-0.920 0.220 0 0 0 1
0.570 0.180 1 0 0 0
0.920 0.560 0 0 1 0
-0.280 0.070 0 0 0 1
0.090 -0.080 0 0 0 1
-0.730 -0.380 1 0 0 0
0.350 -0.660 0 1 0 0
0.070 0.160 0 0 1 0
-0.480 0.980 0 0 0 1
0.610 0.200 1 0 0 0
-0.920 -0.620 0 0 1 0
-0.780 -0.630 1 0 0 0
-0.970 -0.730 0 0 1 0
0.610 -0.150 0 1 0 0
0.860 -0.530 0 1 0 0
-0.030 0.920 0 0 0 1
-0.360 -0.850 1 0 0 0
-0.670 0.350 0 1 0 0
-0.530 0.510 0 1 0 0
-0.030 -0.240 0 0 1 0
-0.600 -0.680 1 0 0 0
-0.120 -0.360 0 0 1 0
0.210 -0.020 0 0 0 1
-0.760 0.920 0 0 0 1
-1.000 0.170 0 0 0 1
-0.580 -0.410 1 0 0 0
-0.270 -0.240 1 0 0 0
0.300 0.330 1 0 0 0
-0.710 -0.500 1 0 0 0
-0.370 0.220 0 1 0 0
1.000 -0.210 0 0 0 1
-0.730 0.340 0 1 0 0
0.430 0.960 0 0 1 0
-0.870 0.490 0 1 0 0
0.610 -0.590 0 1 0 0
-0.760 0.270 0 1 0 0
0.710 -0.450 0 1 0 0
-0.590 0.320 0 1 0 0
-0.680 1.000 0 0 0 1
-0.670 -0.740 1 0 0 0
-0.830 -0.340 1 0 0 0
0.910 0.910 0 0 1 0
0.830 0.110 0 0 1 0
-0.790 0.510 0 1 0 0
0.160 -0.460 0 1 0 0
0.300 0.020 0 0 1 0
-0.260 0.910 0 0 0 1
-0.370 -0.560 1 0 0 0
-0.700 -0.590 1 0 0 0
0.090 -0.120 0 0 0 1
-0.150 0.150 0 0 0 1
0.730 -0.480 0 1 0 0
-0.420 -0.720 1 0 0 0
-0.380 0.230 0 1 0 0
-0.250 -0.330 1 0 0 0
-0.160 0.030 0 0 0 1
0.840 0.240 0 0 1 0
-0.170 -0.720 1 0 0 0
0.470 -0.210 0 1 0 0
-0.720 -0.860 0 0 1 0
-0.850 0.190 0 0 0 1
-0.080 0.610 0 0 0 1
0.680 -0.150 0 1 0 0
-0.100 -0.620 0 0 1 0
0.120 0.530 1 0 0 0
-0.320 -0.430 1 0 0 0
-0.260 0.650 0 1 0 0
0.060 0.150 0 0 1 0
-0.270 -0.780 1 0 0 0
-0.450 -0.600 1 0 0 0
0.430 0.490 1 0 0 0
0.810 0.780 0 0 1 0
0.860 -0.970 0 0 0 1
0.420 -0.430 0 1 0 0
-0.400 -0.540 1 0 0 0
0.490 0.250 1 0 0 0
-0.150 0.310 0 1 0 0
-0.630 -0.970 0 0 1 0
0.260 0.600 1 0 0 0
-0.780 0.080 0 0 0 1
0.650 0.470 1 0 0 0
0.840 0.230 0 0 1 0
-0.300 -0.030 0 0 1 0
-0.750 -0.440 1 0 0 0
0.520 0.360 1 0 0 0
-0.270 -0.180 1 0 0 0
-0.630 -0.850 1 0 0 0
0.540 -0.260 0 1 0 0
-0.050 -0.670 0 0 1 0
0.400 0.290 1 0 0 0
0.140 0.730 0 0 1 0
0.950 0.530 0 0 1 0
-0.220 0.980 0 0 0 1
0.980 -0.040 0 0 0 1
-0.120 0.540 0 1 0 0
-0.690 0.190 0 1 0 0
0.590 -0.340 0 1 0 0
-0.030 0.210 0 0 0 1
0.160 0.540 1 0 0 0
0.810 -0.350 0 1 0 0
-0.500 -0.030 0 0 1 0
0.230 -0.990 0 0 0 1
-0.600 0.580 0 1 0 0
0.000 -0.160 0 0 1 0
0.770 0.650 1 0 0 0
0.750 -0.360 0 1 0 0
0.980 0.620 0 0 1 0
-0.560 -0.700 1 0 0 0
0.250 -0.570 0 1 0 0
0.330 -0.200 0 1 0 0
-0.130 0.070 0 0 0 1
0.150 0.890 0 0 1 0
-0.380 0.620 0 1 0 0
0.870 -0.470 0 1 0 0
0.410 -0.130 0 1 0 0
-0.310 -0.770 1 0 0 0
-0.020 -0.700 0 0 1 0
0.430 0.130 1 0 0 0
0.270 0.800 1 0 0 0
0.480 0.770 1 0 0 0
-0.050 0.570 0 0 0 1
0.080 -0.450 0 0 0 1
-0.150 -0.840 0 0 1 0
-0.820 0.650 0 1 0 0
0.720 -0.870 0 0 0 1
0.680 0.600 1 0 0 0
-0.520 0.950 0 0 0 1
0.250 0.230 1 0 0 0
-0.740 0.070 0 0 0 1
0.750 0.010 0 0 1 0
0.760 0.670 1 0 0 0
-0.790 -0.340 1 0 0 0
-0.660 -0.060 0 0 1 0
-0.850 0.180 0 0 0 1
0.850 -0.910 0 0 0 1
-0.360 0.850 0 1 0 0
0.060 0.950 0 0 1 0
0.380 -0.420 0 1 0 0
-0.460 -0.270 1 0 0 0
-0.340 -0.700 1 0 0 0
0.400 -0.250 0 1 0 0
0.530 0.120 1 0 0 0
-0.980 -0.050 0 0 1 0
0.600 0.850 1 0 0 0
-0.960 -1.000 0 0 1 0
0.380 -0.940 0 0 0 1
0.330 0.810 1 0 0 0
-0.720 -0.970 0 0 1 0
0.740 -0.390 0 1 0 0
0.730 -0.280 0 1 0 0
0.770 -0.110 0 0 0 1
-0.310 -1.000 0 0 1 0
-0.430 -0.140 1 0 0 0
0.970 -0.990 0 0 0 1
-0.310 0.830 0 1 0 0
0.940 0.680 0 0 1 0
0.490 -0.880 0 1 0 0
-0.120 -0.160 0 0 1 0
-0.420 -0.890 1 0 0 0
0.600 0.110 0 0 1 0
0.490 0.570 1 0 0 0
-0.160 -0.240 0 0 1 0
-0.660 -0.670 1 0 0 0
0.010 0.060 0 0 1 0
-0.500 0.280 0 1 0 0
0.930 -0.980 0 0 0 1
0.640 0.860 1 0 0 0
-0.800 0.980 0 0 0 1
0.930 -0.530 0 0 0 1
0.810 0.840 0 0 1 0
0.890 0.090 0 0 1 0
-0.570 0.870 0 1 0 0
0.230 -0.820 0 0 0 1
0.280 0.860 0 0 1 0
-0.730 -0.300 1 0 0 0
0.040 0.030 0 0 1 0
0.980 -0.010 0 0 0 1
0.710 0.990 0 0 1 0
0.790 0.620 1 0 0 0
0.210 0.260 1 0 0 0
0.620 0.000 0 0 1 0
0.880 0.100 0 0 1 0
0.040 0.820 0 0 1 0
-0.800 -0.840 0 0 1 0
0.460 0.190 1 0 0 0
0.070 -0.290 0 0 0 1
0.780 0.370 1 0 0 0
0.170 0.760 0 0 1 0
0.680 0.250 1 0 0 0
0.580 0.050 0 0 1 0
-0.890 0.070 0 0 0 1
-0.820 -0.660 1 0 0 0
-0.240 0.810 0 0 0 1
-0.060 -0.820 0 0 1 0
0.780 0.080 0 0 1 0
0.880 -0.210 0 0 0 1
-0.740 -0.930 0 0 1 0
-0.810 0.620 0 1 0 0
-0.570 -0.320 1 0 0 0
-0.750 0.580 0 1 0 0
0.490 0.670 1 0 0 0
0.510 -0.120 0 1 0 0
-0.320 -0.240 1 0 0 0
0.330 -0.290 0 1 0 0
0.900 0.660 0 0 1 0
-0.930 -0.120 0 0 1 0
-0.900 -0.090 0 0 1 0
0.700 -0.540 0 1 0 0
0.210 0.730 1 0 0 0
0.020 0.510 0 0 1 0
0.180 0.370 1 0 0 0
-0.380 -0.590 1 0 0 0
0.410 0.010 0 0 1 0
-0.090 -0.110 0 0 1 0
0.280 0.760 1 0 0 0
-0.800 0.990 0 0 0 1
-0.720 -0.360 1 0 0 0
-0.660 -0.510 1 0 0 0
-0.820 -0.510 1 0 0 0
-0.200 0.020 0 0 0 1
-0.200 0.930 0 0 0 1
-0.490 0.560 0 1 0 0
0.070 -0.080 0 0 0 1
-0.240 0.430 0 1 0 0
-0.530 -0.390 1 0 0 0
0.820 0.910 0 0 1 0
0.900 -0.710 0 0 0 1
0.480 0.700 1 0 0 0
0.960 -0.540 0 0 0 1
0.550 -0.950 0 0 0 1
0.980 0.380 0 0 1 0
-0.600 0.900 0 0 0 1
0.970 0.130 0 0 1 0
-0.920 0.200 0 0 0 1
-0.480 0.020 0 0 0 1
0.750 0.500 1 0 0 0
0.390 -0.120 0 1 0 0
-0.810 -0.080 0 0 1 0
-0.110 0.150 0 0 0 1
-0.050 -0.900 0 0 1 0
0.730 -0.440 0 1 0 0
-0.370 -0.070 0 0 1 0
-0.210 -0.100 0 0 1 0
-0.190 -0.140 0 0 1 0
-0.150 0.320 0 1 0 0
0.020 0.760 0 0 1 0
0.780 0.130 0 0 1 0
0.690 -0.670 0 1 0 0
-0.350 -0.800 1 0 0 0
-0.210 -0.550 1 0 0 0
0.020 0.920 0 0 1 0
-0.190 0.640 0 1 0 0
-0.550 0.530 0 1 0 0
0.720 -0.320 0 1 0 0
-0.630 -0.270 1 0 0 0
-0.790 0.940 0 0 0 1
-0.970 0.740 0 0 0 1
-0.740 0.740 0 1 0 0
0.630 0.410 1 0 0 0
0.560 -0.250 0 1 0 0
-0.130 -0.410 1 0 0 0
0.710 -0.560 0 1 0 0
0.010 0.730 0 0 1 0
0.230 0.170 0 0 1 0
-0.560 0.210 0 1 0 0
0.980 0.260 0 0 1 0
0.960 0.980 0 0 1 0
0.120 0.760 0 0 1 0
-0.250 -0.100 0 0 1 0
0.110 0.970 0 0 1 0
0.250 1.000 0 0 1 0
0.080 0.040 0 0 1 0
-0.550 -0.350 1 0 0 0
-0.180 0.380 0 1 0 0
0.070 0.190 0 0 1 0
-0.040 -0.030 0 0 1 0
-0.200 0.560 0 1 0 0
0.380 -0.800 0 1 0 0
-0.220 0.190 0 0 0 1
-0.300 -0.050 0 0 1 0
0.350 0.750 1 0 0 0
-0.500 -0.570 1 0 0 0
-0.570 0.260 0 1 0 0
-0.830 -0.190 0 0 1 0
0.050 -0.620 0 0 0 1
0.950 0.800 0 0 1 0
-0.930 -0.450 0 0 1 0
-0.630 -0.630 1 0 0 0
0.880 0.870 0 0 1 0
-0.990 -0.640 0 0 1 0
-0.260 -0.130 0 0 1 0
-0.220 0.770 0 1 0 0
0.310 0.560 1 0 0 0
0.290 -0.190 0 1 0 0
0.220 -0.410 0 1 0 0
-0.750 -0.220 1 0 0 0
0.210 0.550 1 0 0 0
-0.290 -0.540 1 0 0 0
-0.370 -0.090 0 0 1 0
0.930 -0.700 0 0 0 1
-0.940 0.460 0 0 0 1
0.210 -0.250 0 1 0 0
-0.440 0.010 0 0 0 1
0.460 0.340 1 0 0 0
0.280 -0.720 0 1 0 0
-0.140 0.110 0 0 0 1
0.270 -0.840 0 0 0 1
0.180 -0.830 0 0 0 1
0.060 -0.710 0 0 0 1
-0.970 0.870 0 0 0 1
0.460 -0.760 0 1 0 0
-0.590 -0.440 1 0 0 0
0.910 -0.580 0 0 0 1
-0.600 0.520 0 1 0 0
0.510 0.250 1 0 0 0
-0.190 -0.410 1 0 0 0
-0.710 0.890 0 0 0 1
0.190 0.210 0 0 1 0
0.160 0.360 1 0 0 0
-0.960 -0.810 0 0 1 0
0.450 -0.210 0 1 0 0
0.850 0.510 1 0 0 0
-0.830 -0.930 0 0 1 0
-0.150 0.760 0 0 0 1
-0.480 0.500 0 1 0 0
0.880 -0.650 0 0 0 1
0.410 0.700 1 0 0 0
-0.860 -0.120 0 0 1 0
0.310 -0.470 0 1 0 0
-0.200 0.370 0 1 0 0
0.120 0.900 0 0 1 0
0.660 -0.340 0 1 0 0
-0.720 0.510 0 1 0 0
0.840 0.150 0 0 1 0
0.320 -0.260 0 1 0 0
-0.640 0.930 0 0 0 1
0.150 -0.330 0 1 0 0
-0.080 0.340 0 0 0 1
0.850 -0.260 0 0 0 1
-0.210 -0.150 0 0 1 0
-0.640 0.180 0 1 0 0
-0.780 0.290 0 1 0 0
-0.940 0.640 0 0 0 1
-0.170 0.000 0 0 1 0
0.120 -0.860 0 0 0 1
-0.430 0.560 0 1 0 0
-0.650 0.530 0 1 0 0
0.690 -0.810 0 1 0 0
-0.410 -0.580 1 0 0 0
-0.710 -0.740 1 0 0 0
0.510 0.360 1 0 0 0
0.050 -0.940 0 0 0 1
0.100 0.250 0 0 1 0
0.500 0.900 1 0 0 0
0.710 0.510 1 0 0 0
-0.530 -0.480 1 0 0 0
-0.120 0.500 0 1 0 0
-0.860 0.080 0 0 0 1
0.270 0.950 0 0 1 0
-0.640 -0.140 1 0 0 0
0.000 0.720 0 0 1 0
0.770 0.370 1 0 0 0
0.080 -0.850 0 0 0 1
-0.340 0.540 0 1 0 0
0.600 -0.100 0 0 0 1
0.340 0.970 0 0 1 0
0.060 -0.320 0 0 0 1
0.150 -0.090 0 0 0 1
0.920 -0.900 0 0 0 1
-0.640 -0.740 1 0 0 0
-0.880 -0.130 0 0 1 0
0.900 -0.540 0 0 0 1
-0.480 -0.140 1 0 0 0
0.980 -0.920 0 0 0 1
0.800 0.640 1 0 0 0
0.050 0.080 0 0 1 0
-0.410 0.910 0 0 0 1
0.980 0.600 0 0 1 0
-0.940 -0.170 0 0 1 0
-0.270 0.790 0 1 0 0
0.590 0.320 1 0 0 0
0.140 0.350 1 0 0 0
-0.790 0.470 0 1 0 0
-0.830 0.410 0 1 0 0
-0.740 -0.030 0 0 1 0
0.770 0.190 0 0 1 0
-0.740 -0.400 1 0 0 0
0.340 0.040 0 0 1 0
0.550 0.710 1 0 0 0
0.720 -0.880 0 0 0 1
0.500 0.070 0 0 1 0
0.590 -0.050 0 0 0 1
0.390 0.550 1 0 0 0
-0.860 -0.070 0 0 1 0
0.060 0.900 0 0 1 0
-0.560 -0.390 1 0 0 0
-0.100 -0.570 0 0 1 0
0.230 0.110 0 0 1 0
-0.760 0.490 0 1 0 0
-0.870 0.280 0 0 0 1
-0.410 0.810 0 1 0 0
0.420 0.060 0 0 1 0
-0.580 0.500 0 1 0 0
0.730 0.350 1 0 0 0
-0.670 -0.100 0 0 1 0
-0.470 -0.160 1 0 0 0
-0.020 0.590 0 0 0 1
0.150 -0.500 0 1 0 0
-0.020 0.730 0 0 0 1
-0.350 0.620 0 1 0 0
-0.260 -0.170 0 0 1 0
-0.120 -0.560 1 0 0 0
0.760 0.030 0 0 1 0
-0.370 0.770 0 1 0 0
0.230 0.840 0 0 1 0
0.330 -0.200 0 1 0 0
0.350 -0.250 0 1 0 0
-0.600 -0.870 1 0 0 0
0.680 0.710 1 0 0 0
-0.780 0.170 0 0 0 1
-0.030 0.270 0 0 0 1
0.210 0.570 1 0 0 0
0.880 0.890 0 0 1 0
0.340 -0.640 0 1 0 0
-0.290 0.620 0 1 0 0
0.400 0.550 1 0 0 0
-0.310 -0.700 1 0 0 0
0.470 -0.550 0 1 0 0
-0.680 -0.910 0 0 1 0
0.770 0.380 1 0 0 0
-0.730 -0.330 1 0 0 0
-0.400 0.050 0 0 0 1
-0.010 -0.950 0 0 1 0
0.310 -0.980 0 0 0 1
-0.900 -0.470 0 0 1 0
-0.520 -0.070 0 0 1 0
0.600 0.970 0 0 1 0
1.000 0.200 0 0 1 0
-0.260 0.770 0 1 0 0
-0.800 -0.990 0 0 1 0
0.960 -0.400 0 0 0 1
0.620 -0.520 0 1 0 0
0.520 -0.820 0 1 0 0
-0.930 -0.600 0 0 1 0
-0.320 -0.130 0 0 1 0
-0.390 0.820 0 1 0 0
0.460 0.490 1 0 0 0
0.280 0.740 1 0 0 0
0.850 -0.770 0 0 0 1
-0.830 -0.580 1 0 0 0
-0.240 -0.640 1 0 0 0
-0.290 0.820 0 1 0 0
-0.720 -0.730 1 0 0 0
-0.650 -0.530 1 0 0 0
0.110 -0.740 0 0 0 1
-0.820 0.520 0 1 0 0
-0.920 -0.690 0 0 1 0
-0.960 0.700 0 0 0 1
-0.390 0.500 0 1 0 0
0.150 -0.220 0 0 0 1
-0.130 -0.310 0 0 1 0
-0.560 -0.410 1 0 0 0
0.740 -0.200 0 1 0 0
-0.040 0.300 0 0 0 1
-0.850 -0.990 0 0 1 0
-0.650 -0.610 1 0 0 0
0.530 -0.120 0 1 0 0
0.370 0.640 1 0 0 0
0.100 0.630 0 0 1 0
0.420 0.700 1 0 0 0
0.420 0.510 1 0 0 0
-0.750 0.530 0 1 0 0
-0.770 -0.490 1 0 0 0
-0.130 -0.740 0 0 1 0
-0.550 -0.450 1 0 0 0
0.320 -0.200 0 1 0 0
-0.130 0.190 0 0 0 1
-0.980 -0.060 0 0 1 0
-0.030 -0.520 0 0 1 0
0.840 -0.200 0 0 0 1
-0.900 -0.700 0 0 1 0
-0.210 -0.190 0 0 1 0
0.410 -0.050 0 0 0 1
0.560 -0.140 0 1 0 0
0.930 0.810 0 0 1 0
0.690 -0.070 0 0 0 1
-0.060 -0.040 0 0 1 0
0.690 0.570 1 0 0 0
0.660 0.190 1 0 0 0
0.650 -0.190 0 1 0 0
-0.610 -0.250 1 0 0 0
0.940 -0.750 0 0 0 1
-0.420 -0.920 0 0 1 0
0.540 0.650 1 0 0 0
-0.960 0.410 0 0 0 1
-0.490 0.990 0 0 0 1
0.920 -0.970 0 0 0 1
0.770 -0.750 0 1 0 0
-0.890 -0.460 1 0 0 0
-0.410 -0.220 1 0 0 0
-0.350 -0.430 1 0 0 0
0.070 0.920 0 0 1 0
-0.900 0.130 0 0 0 1
-0.610 0.710 0 1 0 0
0.480 -0.560 0 1 0 0
0.420 0.870 1 0 0 0
-0.310 -0.320 1 0 0 0
-0.440 0.760 0 1 0 0
0.900 0.410 0 0 1 0
-0.300 0.380 0 1 0 0
-0.270 0.830 0 0 0 1
0.910 0.420 0 0 1 0
0.560 -0.460 0 1 0 0
0.050 -0.050 0 0 0 1
-0.570 -0.070 0 0 1 0
-0.570 0.300 0 1 0 0
0.120 -0.990 0 0 0 1
-0.100 -0.940 0 0 1 0
-0.890 0.760 0 0 0 1
-0.530 -0.160 1 0 0 0
-0.320 -0.310 1 0 0 0
-0.390 0.410 0 1 0 0
-0.370 -0.780 1 0 0 0
0.310 -0.500 0 1 0 0
-0.450 0.190 0 1 0 0
-0.480 -0.680 1 0 0 0
0.750 0.120 0 0 1 0
0.500 -0.800 0 1 0 0
0.210 0.310 1 0 0 0
0.880 -0.110 0 0 0 1
-0.870 -0.580 1 0 0 0
0.330 -0.090 0 0 0 1
0.000 -0.620 0 0 1 0
0.970 -0.550 0 0 0 1
0.150 0.890 0 0 1 0
-0.280 -0.630 1 0 0 0
-0.710 -0.540 1 0 0 0
0.250 0.220 1 0 0 0
-0.670 -0.760 1 0 0 0
-0.310 -0.580 1 0 0 0
-0.710 0.840 0 1 0 0
0.600 -0.520 0 1 0 0
-0.310 0.690 0 1 0 0
0.210 -0.760 0 1 0 0
-0.340 0.850 0 1 0 0
-0.220 0.690 0 1 0 0
0.790 -0.330 0 1 0 0
-0.930 -0.060 0 0 1 0
-0.890 -0.910 0 0 1 0
-0.400 0.960 0 0 0 1
-0.690 0.570 0 1 0 0
-0.890 -0.400 0 0 1 0
0.250 -0.590 0 1 0 0
-0.440 -0.160 1 0 0 0
-0.040 0.000 0 0 1 0
0.710 -0.860 0 0 0 1
-0.190 0.840 0 0 0 1
0.790 0.510 1 0 0 0
-0.760 0.400 0 1 0 0
0.330 1.000 0 0 1 0
0.910 -0.960 0 0 0 1
0.860 -0.420 0 1 0 0
0.000 -0.540 0 0 1 0
0.850 0.320 1 0 0 0
1.000 0.680 0 0 1 0
-0.650 -0.050 0 0 1 0
0.720 -0.870 0 0 0 1
-0.750 -0.690 1 0 0 0
-0.600 0.480 0 1 0 0
0.440 0.390 1 0 0 0
-0.540 0.890 0 1 0 0
0.720 -0.050 0 0 0 1
0.630 0.880 0 0 1 0
-0.500 -0.300 1 0 0 0
0.890 0.090 0 0 1 0
-0.390 -0.310 1 0 0 0
-0.190 0.910 0 0 0 1
-0.390 -0.430 1 0 0 0
-0.780 0.680 0 1 0 0
-0.810 -0.330 1 0 0 0
-0.710 -0.920 0 0 1 0
-0.610 0.670 0 1 0 0
-0.660 -0.940 0 0 1 0
0.130 0.120 0 0 1 0
-0.470 -0.260 1 0 0 0
0.970 0.710 0 0 1 0
0.960 0.400 0 0 1 0
-0.450 -0.100 0 0 1 0
-0.690 -0.100 0 0 1 0
-0.330 0.020 0 0 0 1
-0.930 -0.120 0 0 1 0
-0.700 -0.740 1 0 0 0
0.050 0.550 0 0 1 0
-0.980 -0.580 0 0 1 0
-0.030 0.580 0 0 0 1
0.210 -0.590 0 1 0 0
-0.580 -0.850 1 0 0 0
0.270 0.950 0 0 1 0
-0.940 0.170 0 0 0 1
0.150 0.260 0 0 1 0
-0.580 0.550 0 1 0 0
0.960 -0.710 0 0 0 1
0.240 0.340 1 0 0 0
-0.470 -0.450 1 0 0 0
-0.600 0.950 0 0 0 1
-0.590 0.230 0 1 0 0
-0.800 -0.940 0 0 1 0
0.970 0.360 0 0 1 0
-0.650 0.450 0 1 0 0
-0.560 -0.570 1 0 0 0
0.640 -0.630 0 1 0 0
0.450 -0.520 0 1 0 0
0.890 0.070 0 0 1 0
0.010 0.300 0 0 1 0
0.850 -0.850 0 0 0 1
0.130 0.700 0 0 1 0
-0.250 0.280 0 1 0 0
-0.620 0.370 0 1 0 0
0.210 -0.460 0 1 0 0
-0.660 0.330 0 1 0 0
0.200 -0.710 0 1 0 0
0.530 0.720 1 0 0 0
-0.350 0.090 0 0 0 1
0.730 0.160 0 0 1 0
-0.590 -0.940 0 0 1 0
0.650 -0.300 0 1 0 0
0.570 0.660 1 0 0 0
0.730 0.650 1 0 0 0
-0.950 -0.740 0 0 1 0
-0.050 0.020 0 0 0 1
0.440 0.260 1 0 0 0
-0.600 -0.980 0 0 1 0
-0.950 0.620 0 0 0 1
0.790 -0.110 0 0 0 1
0.710 0.240 1 0 0 0
0.140 0.300 0 0 1 0
-0.840 0.370 0 1 0 0
0.160 -0.500 0 1 0 0
-0.280 0.660 0 1 0 0
-0.950 0.720 0 0 0 1
-0.180 -0.820 0 0 1 0
-0.110 -0.040 0 0 1 0
-0.100 -0.830 0 0 1 0
0.530 0.260 1 0 0 0
-0.770 0.300 0 1 0 0
0.970 0.960 0 0 1 0
0.620 0.620 1 0 0 0
-0.310 -0.390 1 0 0 0
-0.010 -0.570 0 0 1 0
-0.780 -0.660 1 0 0 0
0.420 -0.360 0 1 0 0
-0.540 0.210 0 1 0 0
-0.500 -0.150 1 0 0 0
0.820 0.410 1 0 0 0
-0.480 -0.400 1 0 0 0
0.940 0.680 0 0 1 0
0.050 -0.200 0 0 0 1
-0.050 -0.410 0 0 1 0
-0.040 0.780 0 0 0 1
-0.430 0.420 0 1 0 0
0.660 0.820 1 0 0 0
-0.580 -0.230 1 0 0 0
-0.990 0.800 0 0 0 1
-0.860 -0.600 1 0 0 0
0.990 0.710 0 0 1 0
0.010 0.110 0 0 1 0
0.970 0.320 0 0 1 0
-0.580 -0.590 1 0 0 0
0.490 -0.480 0 1 0 0
0.600 0.830 1 0 0 0
0.340 0.960 0 0 1 0
-0.230 -0.640 1 0 0 0
-0.480 -0.020 0 0 1 0
0.840 -0.190 0 0 0 1
0.890 0.500 1 0 0 0
0.160 -0.170 0 0 0 1
0.590 0.770 1 0 0 0
-0.950 0.720 0 0 0 1
0.340 0.320 1 0 0 0
0.340 0.130 0 0 1 0
0.540 0.720 1 0 0 0
0.060 -0.900 0 0 0 1
-0.920 -0.160 0 0 1 0
0.440 0.060 0 0 1 0
-0.770 -0.560 1 0 0 0
0.950 -0.110 0 0 0 1
0.190 -0.020 0 0 0 1
-0.700 0.860 0 0 0 1
-0.230 -0.970 0 0 1 0
0.220 -0.600 0 1 0 0
-0.350 0.720 0 1 0 0
0.970 0.080 0 0 1 0
0.060 0.320 0 0 1 0
0.940 -0.210 0 0 0 1
0.070 0.010 0 0 1 0
0.400 0.120 1 0 0 0
0.910 -0.190 0 0 0 1
-0.400 0.970 0 0 0 1
0.200 -0.850 0 0 0 1
-0.610 0.990 0 0 0 1
0.900 -0.200 0 0 0 1
0.720 0.500 1 0 0 0
0.090 -0.970 0 0 0 1
-0.160 -0.220 0 0 1 0
0.000 0.490 0 0 1 0
0.990 0.820 0 0 1 0
0.380 0.800 1 0 0 0
-0.940 -0.810 0 0 1 0
0.250 -0.350 0 1 0 0
-0.270 0.680 0 1 0 0
0.770 -0.070 0 0 0 1
0.740 0.520 1 0 0 0
0.440 0.660 1 0 0 0
0.410 0.090 0 0 1 0
0.830 0.330 1 0 0 0
-0.340 -0.350 1 0 0 0
0.420 0.950 0 0 1 0
0.210 -0.870 0 0 0 1
0.040 -0.290 0 0 0 1
0.050 -0.350 0 0 0 1
-0.480 0.010 0 0 0 1
-0.310 0.200 0 1 0 0
-0.070 -0.510 0 0 1 0
0.070 0.060 0 0 1 0
0.090 -0.630 0 0 0 1
-0.480 0.710 0 1 0 0
-0.160 -0.720 0 0 1 0
-0.700 -1.000 0 0 1 0
-0.610 -0.040 0 0 1 0
-0.410 0.430 0 1 0 0
0.430 0.590 1 0 0 0
1.000 0.250 0 0 1 0
0.930 -0.510 0 0 0 1
-0.740 -0.040 0 0 1 0
0.970 0.910 0 0 1 0
-0.840 0.510 0 1 0 0
-0.450 -0.520 1 0 0 0
0.150 -0.450 0 1 0 0
0.270 0.550 1 0 0 0
-0.120 0.140 0 0 0 1
0.540 0.120 1 0 0 0
-0.220 0.950 0 0 0 1
-0.360 0.360 0 1 0 0
0.400 0.080 0 0 1 0
-0.100 0.720 0 0 0 1
-0.280 -0.270 1 0 0 0
-0.700 0.310 0 1 0 0
-0.420 -0.410 1 0 0 0
-0.800 0.220 0 0 0 1
-0.920 0.900 0 0 0 1
0.650 0.470 1 0 0 0
0.610 -0.840 0 1 0 0
-0.770 0.940 0 0 0 1
-0.330 0.330 0 1 0 0
0.140 -1.000 0 0 0 1
-0.960 -0.250 0 0 1 0
0.470 0.740 1 0 0 0
-0.580 0.080 0 0 0 1
-0.480 0.840 0 1 0 0
0.860 0.780 0 0 1 0
0.150 0.090 0 0 1 0
0.950 -0.550 0 0 0 1
0.820 -0.800 0 0 0 1
0.130 -0.780 0 0 0 1
0.120 0.070 0 0 1 0
0.220 -0.550 0 1 0 0
-0.110 -0.370 0 0 1 0
0.530 -0.930 0 0 0 1
-0.340 0.680 0 1 0 0
-0.980 -0.170 0 0 1 0
-0.600 -0.940 0 0 1 0
0.400 -0.310 0 1 0 0
0.720 0.240 1 0 0 0
0.770 0.560 1 0 0 0
-0.290 -0.570 1 0 0 0
-0.100 -0.960 0 0 1 0
0.130 -0.570 0 1 0 0
0.640 0.600 1 0 0 0
-0.890 -0.020 0 0 1 0
-0.300 -0.540 1 0 0 0
0.480 0.200 1 0 0 0
0.850 0.980 0 0 1 0
0.380 0.730 1 0 0 0
-0.740 0.390 0 1 0 0
-0.160 -0.910 0 0 1 0
0.400 0.970 0 0 1 0
0.710 0.200 1 0 0 0
-0.840 -0.440 1 0 0 0
0.010 -0.100 0 0 0 1
-0.340 0.480 0 1 0 0
-0.640 0.070 0 0 0 1
-0.800 -0.720 1 0 0 0
-0.140 0.220 0 0 0 1
-0.300 -0.030 0 0 1 0
-0.610 0.680 0 1 0 0
-0.220 -0.790 0 0 1 0
-0.980 -0.160 0 0 1 0
0.490 0.380 1 0 0 0
0.870 -0.690 0 0 0 1
-0.280 0.010 0 0 0 1
0.740 0.890 0 0 1 0
-0.610 0.340 0 1 0 0
-0.310 0.920 0 0 0 1
-0.790 -0.340 1 0 0 0
-0.920 -0.890 0 0 1 0
-0.670 -0.360 1 0 0 0
0.660 -0.130 0 0 0 1
0.820 0.730 1 0 0 0
-0.740 0.260 0 1 0 0
0.550 0.040 0 0 1 0
-0.160 0.490 0 1 0 0
0.440 0.030 0 0 1 0
0.400 0.660 1 0 0 0
-0.020 0.340 0 0 0 1
0.820 0.100 0 0 1 0
-0.690 -0.640 1 0 0 0
-0.740 0.770 0 1 0 0
-0.870 0.270 0 0 0 1
0.890 -0.970 0 0 0 1
0.650 0.930 0 0 1 0
0.550 -0.520 0 1 0 0
0.490 -0.500 0 1 0 0
0.580 -0.760 0 1 0 0
-0.640 -0.720 1 0 0 0
0.220 -0.600 0 1 0 0
0.880 1.000 0 0 1 0
-0.620 -0.240 1 0 0 0
-0.090 0.270 0 0 0 1
-0.800 0.220 0 0 0 1
-0.140 -0.920 0 0 1 0
0.880 0.980 0 0 1 0
-0.330 0.810 0 1 0 0
0.220 -0.240 0 1 0 0
0.040 0.800 0 0 1 0
-0.110 -0.550 1 0 0 0
0.090 -0.990 0 0 0 1
0.930 0.880 0 0 1 0
-0.870 -0.690 0 0 1 0
-0.770 -0.410 1 0 0 0
-0.240 -0.560 1 0 0 0
0.520 -0.280 0 1 0 0
-0.020 0.610 0 0 0 1
0.070 0.020 0 0 1 0
-0.800 0.920 0 0 0 1
-0.060 0.520 0 0 0 1
-0.120 0.710 0 0 0 1
0.450 -0.870 0 1 0 0
-0.940 -0.860 0 0 1 0
0.400 -0.890 0 0 0 1
0.110 -0.510 0 1 0 0
-0.890 0.380 0 0 0 1
0.610 0.220 1 0 0 0
0.820 -0.830 0 0 0 1
0.930 -0.220 0 0 0 1
-0.580 -0.350 1 0 0 0
-0.560 0.470 0 1 0 0
-0.150 -0.450 1 0 0 0
0.520 0.450 1 0 0 0
0.810 0.060 0 0 1 0
-0.540 -0.450 1 0 0 0
-0.840 -0.450 1 0 0 0
-0.670 0.870 0 0 0 1
-0.100 0.730 0 0 0 1
0.130 0.050 0 0 1 0
0.460 0.130 1 0 0 0
0.690 -0.120 0 0 0 1
-0.060 -0.850 0 0 1 0
-0.320 -0.400 1 0 0 0
0.580 0.690 1 0 0 0
0.810 -0.440 0 1 0 0
-0.870 -0.700 0 0 1 0
0.250 0.400 1 0 0 0
-0.010 -0.720 0 0 1 0
0.490 -0.290 0 1 0 0
-0.580 -0.170 1 0 0 0
0.500 0.680 1 0 0 0
-0.800 -0.360 1 0 0 0
0.850 0.960 0 0 1 0
0.670 -0.680 0 1 0 0
-0.080 -0.260 0 0 1 0
-0.890 0.430 0 1 0 0
0.630 0.910 0 0 1 0
0.740 0.250 1 0 0 0
-0.750 0.860 0 0 0 1
0.660 -0.400 0 1 0 0
-0.770 0.880 0 0 0 1
-0.860 -0.390 1 0 0 0
0.540 -0.250 0 1 0 0
0.460 -0.340 0 1 0 0
-0.470 -0.670 1 0 0 0
0.780 0.340 1 0 0 0
0.390 -0.720 0 1 0 0
0.500 -0.790 0 1 0 0
0.690 0.060 0 0 1 0
0.990 -0.470 0 0 0 1
-0.070 -0.790 0 0 1 0
0.940 -0.310 0 0 0 1
0.180 -0.650 0 1 0 0
0.660 -0.570 0 1 0 0
-0.270 0.350 0 1 0 0
-0.690 0.620 0 1 0 0
-0.030 -0.390 0 0 1 0
-0.850 0.840 0 0 0 1
0.910 -0.130 0 0 0 1
0.840 -0.520 0 1 0 0
0.610 -0.180 0 1 0 0
0.550 -0.030 0 0 0 1
-0.250 -0.910 0 0 1 0
-0.780 0.930 0 0 0 1
0.390 0.930 0 0 1 0
0.030 -0.730 0 0 0 1
0.120 0.120 0 0 1 0
0.420 -0.070 0 0 0 1
0.990 -0.320 0 0 0 1
0.030 -0.470 0 0 0 1
-0.140 -0.830 0 0 1 0
0.830 0.350 1 0 0 0
0.430 -0.600 0 1 0 0
-0.080 0.470 0 0 0 1
0.630 0.780 1 0 0 0
0.680 -0.200 0 1 0 0
0.060 -0.420 0 0 0 1
-0.630 0.220 0 1 0 0
-0.430 0.540 0 1 0 0
-0.320 -0.390 1 0 0 0
0.880 0.020 0 0 1 0
-0.020 -0.460 0 0 1 0
0.910 0.860 0 0 1 0
0.060 -0.770 0 0 0 1
0.140 -0.100 0 0 0 1
-0.060 0.700 0 0 0 1
0.960 -0.840 0 0 0 1
-0.620 -0.230 1 0 0 0
-0.710 -0.560 1 0 0 0
-0.980 -0.950 0 0 1 0
-0.690 -0.830 1 0 0 0
-0.710 -0.180 1 0 0 0
-0.220 0.460 0 1 0 0
0.970 -0.270 0 0 0 1
-0.600 0.740 0 1 0 0
0.000 0.210 0 0 1 0
0.770 -0.500 0 1 0 0
-0.010 0.590 0 0 0 1
-0.980 0.410 0 0 0 1
0.170 -0.050 0 0 0 1
0.320 -0.050 0 0 0 1
0.450 0.160 1 0 0 0
0.600 0.700 1 0 0 0
-0.880 0.030 0 0 0 1
0.720 0.870 0 0 1 0
0.980 0.500 0 0 1 0
0.900 0.420 0 0 1 0
0.140 0.930 0 0 1 0
-0.980 0.160 0 0 0 1
-0.230 0.380 0 1 0 0
-0.920 -0.500 0 0 1 0
0.290 0.000 0 0 1 0
-0.210 -0.900 0 0 1 0
-0.010 -0.220 0 0 1 0
-0.150 0.490 0 1 0 0
-0.780 0.500 0 1 0 0
-0.530 -0.710 1 0 0 0
0.600 0.430 1 0 0 0
0.960 0.920 0 0 1 0
0.120 0.380 1 0 0 0
0.360 0.220 1 0 0 0
-0.600 -0.270 1 0 0 0
-0.040 0.620 0 0 0 1
0.540 0.730 1 0 0 0
0.540 0.010 0 0 1 0
-0.670 -0.750 1 0 0 0
0.930 -0.680 0 0 0 1
0.640 0.400 1 0 0 0
-0.580 0.460 0 1 0 0
0.990 -0.240 0 0 0 1
0.990 -0.470 0 0 0 1
-0.630 -0.400 1 0 0 0
-0.970 -0.950 0 0 1 0
0.330 -0.960 0 0 0 1
0.620 -0.300 0 1 0 0
0.340 0.300 1 0 0 0
-0.750 -0.060 0 0 1 0
0.600 0.990 0 0 1 0
-0.640 0.460 0 1 0 0
-0.350 0.990 0 0 0 1
0.450 -0.920 0 0 0 1
0.090 0.560 0 0 1 0
-0.260 -0.640 1 0 0 0
0.910 0.900 0 0 1 0
0.330 0.680 1 0 0 0
0.890 0.250 0 0 1 0
0.670 0.660 1 0 0 0
0.830 0.170 0 0 1 0
-0.160 0.160 0 0 0 1
0.470 0.980 0 0 1 0
0.540 -0.450 0 1 0 0
-0.190 -0.550 1 0 0 0
-0.160 0.040 0 0 0 1
0.080 -0.330 0 0 0 1
0.500 -0.620 0 1 0 0
0.640 -0.230 0 1 0 0
0.430 0.010 0 0 1 0
-0.690 -0.260 1 0 0 0
0.770 -0.540 0 1 0 0
-0.910 -0.710 0 0 1 0
0.740 0.650 1 0 0 0
0.580 0.350 1 0 0 0
-0.700 -0.400 1 0 0 0
-0.220 -0.720 1 0 0 0
0.280 -0.820 0 1 0 0
0.970 0.180 0 0 1 0
0.160 -0.350 0 1 0 0
0.330 -0.240 0 1 0 0
0.110 0.190 0 0 1 0
0.030 0.300 0 0 1 0
-0.880 -0.390 1 0 0 0
0.740 -0.910 0 0 0 1
-0.590 -0.790 1 0 0 0
-0.660 -0.610 1 0 0 0
-0.430 0.190 0 1 0 0
-0.990 -0.430 0 0 1 0
0.270 -0.990 0 0 0 1
-0.220 0.130 0 0 0 1
0.060 0.890 0 0 1 0
0.350 0.080 0 0 1 0
0.100 0.310 0 0 1 0
0.480 -0.100 0 0 0 1
-0.660 -0.050 0 0 1 0
-0.270 -0.840 0 0 1 0
-0.640 -0.090 0 0 1 0
-0.250 0.660 0 1 0 0
-0.540 -0.180 1 0 0 0
0.880 -0.640 0 0 0 1
-0.110 0.880 0 0 0 1
-0.590 -0.660 1 0 0 0
0.360 0.790 1 0 0 0
0.500 -0.110 0 1 0 0
0.080 -0.080 0 0 0 1
-0.790 0.990 0 0 0 1
0.320 -0.400 0 1 0 0
0.510 0.090 0 0 1 0
0.400 -0.540 0 1 0 0
0.740 0.490 1 0 0 0
0.420 1.000 0 0 1 0
-0.210 0.010 0 0 0 1
0.450 0.220 1 0 0 0
-0.580 -0.260 1 0 0 0
0.200 -0.320 0 1 0 0
0.080 -0.880 0 0 0 1
-0.150 0.630 0 1 0 0
-0.340 0.610 0 1 0 0
-0.500 -0.820 1 0 0 0
-0.810 0.460 0 1 0 0
0.620 -0.570 0 1 0 0
0.530 -0.640 0 1 0 0
-0.050 -0.330 0 0 1 0
0.150 0.930 0 0 1 0
-0.100 0.390 0 0 0 1
0.460 -0.460 0 1 0 0
0.100 0.010 0 0 1 0
0.180 0.620 1 0 0 0
-0.400 -0.040 0 0 1 0
0.150 -0.400 0 1 0 0
0.470 -0.810 0 1 0 0
-0.670 -0.920 0 0 1 0
0.520 0.060 0 0 1 0
-0.770 -0.700 1 0 0 0
0.130 0.010 0 0 1 0
0.820 -0.070 0 0 0 1
-0.110 -0.850 0 0 1 0
0.350 -0.870 0 1 0 0
-0.650 -0.400 1 0 0 0
-0.690 0.330 0 1 0 0
0.630 0.250 1 0 0 0
-0.960 -0.150 0 0 1 0
-0.380 -0.980 0 0 1 0
0.580 -0.340 0 1 0 0
0.420 -0.440 0 1 0 0
0.040 -0.430 0 0 0 1
-0.260 -0.590 1 0 0 0
-0.560 0.150 0 1 0 0
0.790 0.240 1 0 0 0
0.230 0.860 0 0 1 0
-0.450 0.500 0 1 0 0
0.980 0.900 0 0 1 0
-0.740 0.370 0 1 0 0
0.160 -0.920 0 0 0 1
-0.850 0.550 0 1 0 0
-0.280 0.450 0 1 0 0
0.060 0.090 0 0 1 0
-0.840 -0.610 1 0 0 0
0.490 0.670 1 0 0 0
0.480 -0.060 0 0 0 1
0.110 -0.720 0 0 0 1
0.080 0.180 0 0 1 0
0.040 -0.210 0 0 0 1
-0.770 -0.600 1 0 0 0
0.790 0.060 0 0 1 0
-0.510 -0.230 1 0 0 0
-0.430 0.710 0 1 0 0
-0.840 0.320 0 1 0 0
-0.490 0.140 0 1 0 0
0.470 -0.620 0 1 0 0
0.680 0.530 1 0 0 0
-0.810 -0.690 1 0 0 0
-0.830 0.610 0 1 0 0
0.230 -0.770 0 1 0 0
0.880 0.250 0 0 1 0
-0.530 0.410 0 1 0 0
-0.800 0.870 0 0 0 1
0.140 -0.870 0 0 0 1
-0.240 0.620 0 1 0 0
-0.560 0.160 0 1 0 0
0.250 0.020 0 0 1 0
-0.970 -0.200 0 0 1 0
0.540 -0.710 0 1 0 0
0.930 -0.730 0 0 0 1
-1.000 -0.880 0 0 1 0
0.670 -0.680 0 1 0 0
-0.520 0.100 0 0 0 1
-0.590 -0.620 1 0 0 0
0.390 0.220 1 0 0 0
0.620 -0.160 0 1 0 0
-0.780 -0.190 0 0 1 0
0.940 0.250 0 0 1 0
-0.400 -0.010 0 0 1 0
-0.870 -0.710 0 0 1 0
-0.220 0.860 0 0 0 1
0.710 -0.210 0 1 0 0
0.200 0.340 1 0 0 0
-0.300 -0.130 0 0 1 0
-0.870 -0.420 1 0 0 0
-0.450 0.960 0 0 0 1
-0.660 -0.270 1 0 0 0
-0.920 -0.650 0 0 1 0
-0.380 0.540 0 1 0 0
0.030 -0.790 0 0 0 1
-0.620 0.890 0 0 0 1
-0.370 0.590 0 1 0 0
0.470 0.020 0 0 1 0
0.240 0.830 0 0 1 0
0.850 -0.260 0 0 0 1
0.920 0.700 0 0 1 0
-0.600 0.110 0 0 0 1
-0.310 0.090 0 0 0 1
-0.750 0.930 0 0 0 1
-0.720 0.190 0 1 0 0
0.490 -0.310 0 1 0 0
0.540 0.920 0 0 1 0
-0.230 0.030 0 0 0 1
0.980 -0.880 0 0 0 1
-0.310 -0.190 1 0 0 0
0.660 -0.490 0 1 0 0
-0.470 0.380 0 1 0 0
-0.450 0.320 0 1 0 0
0.000 0.280 0 0 1 0
0.770 -0.340 0 1 0 0
-0.290 -0.890 0 0 1 0
0.210 0.680 1 0 0 0
0.280 0.730 1 0 0 0
0.970 0.810 0 0 1 0
-0.710 -0.590 1 0 0 0
0.460 -0.110 0 1 0 0
0.220 0.320 1 0 0 0
-0.950 0.740 0 0 0 1
0.800 -0.240 0 1 0 0
0.650 -0.480 0 1 0 0
0.620 0.570 1 0 0 0
0.750 -0.740 0 1 0 0
-0.500 0.210 0 1 0 0
-0.420 0.810 0 1 0 0
-0.410 0.740 0 1 0 0
-0.280 0.550 0 1 0 0
0.520 0.730 1 0 0 0
0.650 -0.400 0 1 0 0
0.650 -0.390 0 1 0 0
0.950 0.010 0 0 1 0
-0.210 0.940 0 0 0 1
0.980 -0.410 0 0 0 1
0.390 0.870 1 0 0 0
0.330 0.230 1 0 0 0
0.470 0.410 1 0 0 0
-0.820 0.580 0 1 0 0
-0.300 0.210 0 1 0 0
-0.140 -0.420 1 0 0 0
-0.630 -0.590 1 0 0 0
-0.120 -0.730 0 0 1 0
-0.520 0.050 0 0 0 1
0.330 -0.670 0 1 0 0
1.000 0.840 0 0 1 0
0.890 -0.810 0 0 0 1
-0.910 0.590 0 0 0 1
0.150 -0.120 0 0 0 1
-0.450 0.610 0 1 0 0
-0.560 0.990 0 0 0 1
-0.660 -0.520 1 0 0 0
-0.360 -0.540 1 0 0 0
0.230 -0.890 0 0 0 1
0.660 -0.500 0 1 0 0
0.890 0.690 0 0 1 0
-0.670 -0.260 1 0 0 0
0.720 0.840 0 0 1 0
-0.520 -0.100 0 0 1 0
0.430 -0.200 0 1 0 0
-0.330 0.140 0 1 0 0
0.370 -0.590 0 1 0 0
0.510 0.180 1 0 0 0
0.680 -0.040 0 0 0 1
0.830 0.880 0 0 1 0
0.880 -0.990 0 0 0 1
-0.660 0.870 0 0 0 1
0.080 0.960 0 0 1 0
-0.050 0.580 0 0 0 1
0.940 0.620 0 0 1 0
0.130 0.710 0 0 1 0
0.330 0.840 1 0 0 0
0.470 -0.720 0 1 0 0
0.590 0.930 0 0 1 0
0.460 0.150 1 0 0 0
-0.580 0.020 0 0 0 1
0.880 -0.660 0 0 0 1
-0.800 0.120 0 0 0 1
-0.030 0.670 0 0 0 1
0.810 0.790 0 0 1 0
-0.630 -0.470 1 0 0 0
-0.530 0.510 0 1 0 0
-0.820 -0.720 1 0 0 0
-0.080 0.800 0 0 0 1
0.380 0.060 0 0 1 0
0.990 -0.490 0 0 0 1
-0.400 -0.220 1 0 0 0
0.760 -0.080 0 0 0 1
0.640 -0.090 0 0 0 1
-0.670 -0.080 0 0 1 0
-0.330 0.690 0 1 0 0
0.130 -0.400 0 1 0 0
0.930 -0.700 0 0 0 1
-0.470 0.390 0 1 0 0
0.740 -0.290 0 1 0 0
-0.540 0.840 0 1 0 0
0.000 0.640 0 0 1 0
0.560 -0.870 0 1 0 0
0.400 -0.490 0 1 0 0
0.620 -0.860 0 1 0 0
-0.090 0.360 0 0 0 1
0.120 0.040 0 0 1 0
-0.100 -0.430 0 0 1 0
-0.680 0.180 0 1 0 0
0.930 -0.560 0 0 0 1
0.970 -0.310 0 0 0 1
-0.930 -0.620 0 0 1 0
0.480 0.080 0 0 1 0
0.730 0.810 1 0 0 0
0.880 -0.800 0 0 0 1
-0.850 -0.150 0 0 1 0
0.970 0.570 0 0 1 0
0.890 -0.770 0 0 0 1
0.660 0.550 1 0 0 0
-0.670 0.010 0 0 0 1
0.350 0.870 1 0 0 0
-0.630 0.370 0 1 0 0
-0.470 -0.040 0 0 1 0
0.910 0.030 0 0 1 0
-0.420 0.280 0 1 0 0
0.560 0.010 0 0 1 0
0.700 -0.210 0 1 0 0
-0.520 -0.820 1 0 0 0
0.990 -0.400 0 0 0 1
-0.800 0.640 0 1 0 0
0.140 -0.720 0 0 0 1
0.580 0.520 1 0 0 0
0.100 -0.900 0 0 0 1
0.180 0.410 1 0 0 0
-0.210 0.200 0 0 0 1
-0.720 0.350 0 1 0 0
-0.100 -0.450 0 0 1 0
-0.300 0.950 0 0 0 1
-0.100 0.900 0 0 0 1
-0.580 0.290 0 1 0 0
-0.430 -0.190 1 0 0 0
0.570 -0.230 0 1 0 0
-0.750 -0.600 1 0 0 0
0.660 0.360 1 0 0 0
0.390 -0.900 0 0 0 1
-0.860 -0.110 0 0 1 0
-0.280 -0.940 0 0 1 0
-0.770 0.580 0 1 0 0
0.160 0.220 0 0 1 0
-0.160 -0.460 1 0 0 0
-0.490 -0.810 1 0 0 0
0.510 -0.680 0 1 0 0
0.210 -0.630 0 1 0 0
-0.400 -0.760 1 0 0 0
-0.780 0.170 0 0 0 1
-0.870 0.730 0 0 0 1
-0.270 0.800 0 1 0 0
0.060 -0.790 0 0 0 1
0.910 -0.460 0 0 0 1
-0.680 0.280 0 1 0 0
0.090 0.140 0 0 1 0
-0.630 -0.250 1 0 0 0
-0.670 0.650 0 1 0 0
0.280 -0.100 0 0 0 1
0.760 0.460 1 0 0 0
-0.030 0.110 0 0 0 1
0.670 0.240 1 0 0 0
0.100 1.000 0 0 1 0
0.870 -0.670 0 0 0 1
-0.150 0.650 0 1 0 0
-0.920 0.660 0 0 0 1
0.700 0.860 0 0 1 0
0.920 0.240 0 0 1 0
-0.090 0.990 0 0 0 1
-0.750 0.770 0 1 0 0
-0.980 -0.430 0 0 1 0
-0.170 -1.000 0 0 1 0
0.480 -0.350 0 1 0 0
0.290 -0.170 0 1 0 0
-0.110 -0.340 0 0 1 0
-0.050 -0.980 0 0 1 0
0.430 -0.110 0 1 0 0
-0.390 -0.110 0 0 1 0
0.240 0.460 1 0 0 0
-0.210 0.990 0 0 0 1
-0.870 0.620 0 1 0 0
0.420 -0.970 0 0 0 1
-0.280 -0.570 1 0 0 0
0.440 -0.460 0 1 0 0
-1.000 -0.100 0 0 1 0
-0.610 -0.570 1 0 0 0
0.470 -0.050 0 0 0 1
-0.230 0.640 0 1 0 0
-0.840 -0.740 0 0 1 0
-0.740 0.070 0 0 0 1
-0.950 0.170 0 0 0 1
0.390 -0.230 0 1 0 0
-0.960 0.770 0 0 0 1
0.110 0.220 0 0 1 0
-0.020 0.130 0 0 0 1
-0.530 0.640 0 1 0 0
-0.010 0.870 0 0 0 1
-0.340 -0.420 1 0 0 0
0.710 0.350 1 0 0 0
0.130 0.980 0 0 1 0
0.270 0.890 0 0 1 0
-0.270 -0.440 1 0 0 0
-0.940 0.420 0 0 0 1
0.480 0.700 1 0 0 0
-0.040 0.270 0 0 0 1
0.330 0.620 1 0 0 0
-0.120 0.930 0 0 0 1
0.970 -0.720 0 0 0 1
-0.280 0.850 0 0 0 1
-0.580 -0.890 1 0 0 0
-0.770 -0.420 1 0 0 0
0.670 -0.680 0 1 0 0
-0.970 -0.690 0 0 1 0
0.560 0.380 1 0 0 0
-0.850 0.750 0 0 0 1
0.060 -0.560 0 0 0 1
0.390 -0.820 0 1 0 0
0.270 0.750 1 0 0 0
-0.650 -0.890 0 0 1 0
-0.920 -0.480 0 0 1 0
-0.600 0.750 0 1 0 0
-0.970 0.190 0 0 0 1
-0.840 0.620 0 1 0 0
-0.900 0.780 0 0 0 1
0.120 0.370 0 0 1 0
0.190 0.060 0 0 1 0
0.940 -0.510 0 0 0 1
0.720 0.680 1 0 0 0
0.640 0.020 0 0 1 0
0.430 -0.950 0 0 0 1
-0.620 0.830 0 1 0 0
-0.990 0.570 0 0 0 1
0.120 0.150 0 0 1 0
0.400 0.420 1 0 0 0
0.660 -0.630 0 1 0 0
-0.940 0.130 0 0 0 1
-0.070 0.860 0 0 0 1
0.380 -0.530 0 1 0 0
0.900 -0.880 0 0 0 1
0.710 0.190 1 0 0 0
-0.010 -0.170 0 0 1 0
0.460 0.300 1 0 0 0
-1.000 -0.180 0 0 1 0
-0.770 -0.960 0 0 1 0
-0.740 -0.760 1 0 0 0
0.020 -0.960 0 0 0 1
0.880 0.160 0 0 1 0
-0.050 0.610 0 0 0 1
0.140 -0.590 0 1 0 0
0.880 -0.430 0 1 0 0
-0.710 -0.290 1 0 0 0
0.370 0.160 1 0 0 0
-0.090 0.940 0 0 0 1
0.820 0.590 1 0 0 0
-0.200 -0.440 1 0 0 0
0.050 0.240 0 0 1 0
0.850 -0.150 0 0 0 1
-0.160 0.770 0 0 0 1
0.160 -0.280 0 0 0 1
0.500 -0.480 0 1 0 0
-0.720 -0.570 1 0 0 0
-0.640 -0.610 1 0 0 0
-0.180 -0.610 1 0 0 0
0.460 0.590 1 0 0 0
0.940 0.590 0 0 1 0
0.050 -0.960 0 0 0 1
0.580 -0.150 0 1 0 0
-0.720 0.080 0 0 0 1
-0.340 -0.470 1 0 0 0
0.160 -0.550 0 1 0 0
-0.320 0.140 0 0 0 1
-0.180 0.130 0 0 0 1
0.320 -0.650 0 1 0 0
-0.730 0.010 0 0 0 1
0.200 -0.570 0 1 0 0
0.980 -0.220 0 0 0 1
0.950 -0.810 0 0 0 1
0.140 0.870 0 0 1 0
-0.560 0.330 0 1 0 0
0.450 0.080 0 0 1 0
-0.970 -0.270 0 0 1 0
-0.490 -0.760 1 0 0 0
0.660 0.670 1 0 0 0
0.720 0.990 0 0 1 0
-0.550 -0.640 1 0 0 0
-0.330 -0.240 1 0 0 0
-0.810 0.300 0 1 0 0
-0.800 -0.090 0 0 1 0
-0.140 -0.720 0 0 1 0
-0.800 0.270 0 1 0 0
-0.250 0.490 0 1 0 0
-0.250 0.350 0 1 0 0
0.500 -0.570 0 1 0 0
-0.730 -0.030 0 0 1 0
-0.130 0.030 0 0 0 1
0.250 -0.570 0 1 0 0
-0.970 0.970 0 0 0 1
0.420 0.230 1 0 0 0
0.710 0.270 1 0 0 0
-0.170 0.610 0 1 0 0
-0.550 -0.650 1 0 0 0
0.190 0.740 1 0 0 0
-0.030 0.690 0 0 0 1
-0.210 0.290 0 1 0 0
0.940 0.950 0 0 1 0
-0.610 -0.400 1 0 0 0
0.450 -0.450 0 1 0 0
0.270 0.250 1 0 0 0
0.100 -0.870 0 0 0 1
-0.670 0.730 0 1 0 0
0.260 0.710 1 0 0 0
0.770 -0.200 0 0 0 1
-0.840 0.500 0 1 0 0
-0.640 -0.110 0 0 1 0
0.760 -0.140 0 0 0 1
0.410 -0.630 0 1 0 0
-0.240 0.650 0 1 0 0
-0.140 -0.600 1 0 0 0
0.570 -0.850 0 1 0 0
-0.300 0.650 0 1 0 0
0.910 -0.330 0 0 0 1
-0.830 -0.420 1 0 0 0
0.800 0.500 1 0 0 0
0.440 -0.660 0 1 0 0
-0.170 -0.490 1 0 0 0
0.100 -0.960 0 0 0 1
0.590 -0.170 0 1 0 0
-0.740 0.790 0 1 0 0
-0.170 0.940 0 0 0 1
0.290 -0.310 0 1 0 0
-0.090 0.030 0 0 0 1
0.420 0.480 1 0 0 0
0.580 0.550 1 0 0 0
0.250 0.420 1 0 0 0
0.520 0.690 1 0 0 0
-0.730 -0.990 0 0 1 0
-0.990 -0.930 0 0 1 0
-0.720 -0.420 1 0 0 0
0.340 0.400 1 0 0 0
0.610 0.070 0 0 1 0
-0.210 -0.110 0 0 1 0
1.000 0.410 0 0 1 0
-0.140 -0.060 0 0 1 0
-0.650 0.880 0 0 0 1
-0.680 0.870 0 0 0 1
0.700 0.810 1 0 0 0
0.000 0.310 0 0 1 0
0.550 -0.250 0 1 0 0
-0.240 0.490 0 1 0 0
0.440 0.090 0 0 1 0
0.160 -0.540 0 1 0 0
-0.440 0.190 0 1 0 0
0.560 0.930 0 0 1 0
-0.190 0.630 0 1 0 0
-0.600 -0.590 1 0 0 0
-0.450 -0.410 1 0 0 0
-0.160 -0.090 0 0 1 0
0.740 0.050 0 0 1 0
-0.060 0.810 0 0 0 1
-0.750 -0.920 0 0 1 0
-0.200 -0.730 1 0 0 0
-0.570 0.060 0 0 0 1
0.030 -0.390 0 0 0 1
-0.250 -0.310 1 0 0 0
-0.710 0.180 0 1 0 0
0.870 0.460 1 0 0 0
-0.990 0.900 0 0 0 1
-0.190 -0.450 1 0 0 0
0.690 -0.790 0 1 0 0
0.460 -0.560 0 1 0 0
-0.560 -0.910 0 0 1 0
0.490 -0.150 0 1 0 0
-0.020 -0.680 0 0 1 0
-0.510 0.790 0 1 0 0
-0.340 -0.470 1 0 0 0
-0.540 -0.750 1 0 0 0
-0.540 -0.870 1 0 0 0
0.830 0.130 0 0 1 0
-0.240 -0.040 0 0 1 0
-0.580 -0.520 1 0 0 0
-0.880 -0.570 1 0 0 0
-0.480 -0.670 1 0 0 0
-0.740 -0.510 1 0 0 0
-0.120 -0.700 0 0 1 0
0.520 0.140 1 0 0 0
0.170 0.410 1 0 0 0
0.670 -0.020 0 0 0 1
-0.960 -0.690 0 0 1 0
0.070 0.100 0 0 1 0
-0.990 -0.750 0 0 1 0
0.850 0.140 0 0 1 0
-0.960 -0.150 0 0 1 0
0.370 -0.220 0 1 0 0
0.600 -0.860 0 1 0 0
-0.020 0.480 0 0 0 1
-0.530 -0.930 0 0 1 0
-0.990 0.360 0 0 0 1
-0.240 0.090 0 0 0 1
0.210 -0.910 0 0 0 1
0.000 0.180 0 0 1 0
-0.890 -0.080 0 0 1 0
-0.580 -0.400 1 0 0 0
0.410 -0.100 0 0 0 1
-0.740 -0.730 1 0 0 0
-0.160 0.320 0 1 0 0
0.280 -0.300 0 1 0 0
0.210 0.010 0 0 1 0
-0.570 0.080 0 0 0 1
0.550 0.560 1 0 0 0
-0.070 -0.920 0 0 1 0
0.360 -0.380 0 1 0 0
0.180 -0.990 0 0 0 1
0.730 -0.860 0 0 0 1
0.330 -0.200 0 1 0 0
0.030 0.550 0 0 1 0
0.780 -0.270 0 1 0 0
-0.530 -0.770 1 0 0 0
0.140 0.810 0 0 1 0
0.740 -0.180 0 1 0 0
-0.200 -0.340 1 0 0 0
1.000 0.390 0 0 1 0
-0.160 0.030 0 0 0 1
-0.600 -0.230 1 0 0 0
0.550 -0.310 0 1 0 0
-0.050 -0.860 0 0 1 0
-0.500 -0.420 1 0 0 0
-0.440 1.000 0 0 0 1
0.350 0.590 1 0 0 0
-0.050 0.220 0 0 0 1
-0.500 -0.660 1 0 0 0
-0.170 0.100 0 0 0 1
-0.630 0.160 0 1 0 0
0.490 0.680 1 0 0 0
-0.300 -0.500 1 0 0 0
0.820 -0.050 0 0 0 1
-0.500 -0.950 0 0 1 0
-0.710 0.800 0 1 0 0
-0.390 -0.060 0 0 1 0
-1.000 -0.940 0 0 1 0
0.640 -0.760 0 1 0 0
0.440 -0.680 0 1 0 0
-0.620 -0.070 0 0 1 0
-0.900 -0.620 0 0 1 0
-0.960 -0.260 0 0 1 0
0.270 0.180 1 0 0 0
0.910 -0.910 0 0 0 1
-0.280 0.990 0 0 0 1
-0.700 0.350 0 1 0 0
-0.940 -0.750 0 0 1 0
0.890 0.890 0 0 1 0
0.650 -0.370 0 1 0 0
-0.220 0.750 0 1 0 0
0.240 0.190 0 0 1 0
-0.900 0.740 0 0 0 1
0.500 0.840 1 0 0 0
0.480 0.020 0 0 1 0
-0.090 -0.900 0 0 1 0
-1.000 -0.910 0 0 1 0
-0.370 0.670 0 1 0 0
0.030 -0.920 0 0 0 1
-0.650 -0.140 1 0 0 0
-0.280 -0.720 1 0 0 0
0.640 -0.270 0 1 0 0
0.540 -0.190 0 1 0 0
-0.030 -0.050 0 0 1 0
-0.140 -0.280 0 0 1 0
-0.760 -0.540 1 0 0 0
0.520 0.720 1 0 0 0
-0.550 -0.470 1 0 0 0
-0.970 -0.580 0 0 1 0
0.440 -0.900 0 0 0 1
-0.660 -0.100 0 0 1 0
0.080 0.750 0 0 1 0
-0.650 -0.170 1 0 0 0
0.460 0.060 0 0 1 0
-0.780 0.020 0 0 0 1
0.670 0.240 1 0 0 0
0.490 -0.260 0 1 0 0
0.550 0.100 0 0 1 0
-0.530 0.840 0 1 0 0
-0.030 0.180 0 0 0 1
0.310 0.570 1 0 0 0
0.560 -0.860 0 1 0 0
-0.020 -0.290 0 0 1 0
0.340 -0.150 0 1 0 0
-0.310 0.660 0 1 0 0
0.170 -0.690 0 1 0 0
0.750 -0.570 0 1 0 0
0.730 0.500 1 0 0 0
0.820 0.460 1 0 0 0
0.030 -0.130 0 0 0 1
-0.780 0.540 0 1 0 0
-0.410 0.460 0 1 0 0
-0.900 0.000 0 0 1 0
0.320 0.850 1 0 0 0
-0.970 0.390 0 0 0 1
-0.290 -0.740 1 0 0 0
-0.700 -0.410 1 0 0 0
-0.620 -0.440 1 0 0 0
0.860 -0.990 0 0 0 1
0.330 0.440 1 0 0 0
0.780 0.910 0 0 1 0
0.070 -0.190 0 0 0 1
0.890 -0.050 0 0 0 1
-0.600 -0.990 0 0 1 0
-0.850 -0.920 0 0 1 0
-0.310 -0.410 1 0 0 0
0.910 -0.690 0 0 0 1
-0.400 -0.070 0 0 1 0
-0.890 -0.650 0 0 1 0
-0.250 0.110 0 0 0 1
0.430 0.010 0 0 1 0
-0.110 1.000 0 0 0 1
-0.590 0.810 0 1 0 0
-0.490 0.950 0 0 0 1
0.300 0.780 1 0 0 0
0.790 0.750 1 0 0 0
-0.490 0.210 0 1 0 0
-0.610 0.300 0 1 0 0
0.160 -0.550 0 1 0 0
-0.230 -1.000 0 0 1 0
-0.360 -0.670 1 0 0 0
-0.320 0.020 0 0 0 1
-0.330 -0.230 1 0 0 0
-0.020 0.120 0 0 0 1
-0.710 0.670 0 1 0 0
-0.380 -0.830 1 0 0 0
-0.540 0.120 0 1 0 0
0.970 -0.880 0 0 0 1
0.620 -0.320 0 1 0 0
-0.220 0.510 0 1 0 0
-0.050 -0.410 0 0 1 0
1.000 0.410 0 0 1 0
0.370 0.290 1 0 0 0
0.350 -0.340 0 1 0 0
-0.450 0.540 0 1 0 0
-0.710 -0.600 1 0 0 0
-0.990 0.770 0 0 0 1
-0.830 -1.000 0 0 1 0
-0.730 -0.010 0 0 1 0
-0.070 0.800 0 0 0 1
-0.040 0.550 0 0 0 1
-0.440 0.460 0 1 0 0
0.250 -0.330 0 1 0 0
-0.590 -0.330 1 0 0 0
0.290 -0.420 0 1 0 0
-0.290 0.810 0 1 0 0
-0.280 0.990 0 0 0 1
0.130 -0.770 0 0 0 1
-0.610 0.670 0 1 0 0
0.070 -0.120 0 0 0 1
0.490 0.640 1 0 0 0
-0.540 -0.680 1 0 0 0
-0.670 0.470 0 1 0 0
0.360 -0.370 0 1 0 0
0.000 0.720 0 0 1 0
0.720 -0.080 0 0 0 1
0.900 -0.690 0 0 0 1
0.280 -0.420 0 1 0 0
-0.600 0.370 0 1 0 0
-0.230 0.970 0 0 0 1
-0.710 -0.610 1 0 0 0
0.040 -0.570 0 0 0 1
0.190 -0.920 0 0 0 1
-0.580 -0.720 1 0 0 0
0.080 0.390 0 0 1 0
0.730 0.220 1 0 0 0
0.790 -0.340 0 1 0 0
-0.330 0.140 0 1 0 0
0.210 -0.780 0 0 0 1
0.310 0.180 1 0 0 0
0.540 -0.520 0 1 0 0
-0.550 -0.450 1 0 0 0
-0.830 0.880 0 0 0 1
-0.800 -0.630 1 0 0 0
-0.030 0.570 0 0 0 1
0.320 -0.690 0 1 0 0
-0.090 -0.140 0 0 1 0
0.190 -0.670 0 1 0 0
0.220 0.620 1 0 0 0
-0.020 0.720 0 0 0 1
-0.670 0.390 0 1 0 0
-0.720 -0.920 0 0 1 0
0.600 0.390 1 0 0 0
-0.740 -0.710 1 0 0 0
0.660 -0.450 0 1 0 0
1.000 0.060 0 0 1 0
-0.010 0.320 0 0 0 1
-0.870 0.040 0 0 0 1
-0.490 -1.000 0 0 1 0
1.000 -0.160 0 0 0 1
-0.590 -0.650 1 0 0 0
-0.650 -0.700 1 0 0 0
-0.140 -0.770 0 0 1 0
0.780 0.560 1 0 0 0
-0.910 -0.910 0 0 1 0
0.780 -0.080 0 0 0 1
-0.600 -0.930 0 0 1 0
-0.260 0.070 0 0 0 1
0.750 0.300 1 0 0 0
-0.520 0.490 0 1 0 0
-1.000 -0.360 0 0 1 0
-0.620 0.030 0 0 0 1
-0.080 0.120 0 0 0 1
0.910 -0.210 0 0 0 1
-0.110 0.970 0 0 0 1
0.970 0.190 0 0 1 0
-0.340 0.510 0 1 0 0
-0.850 -0.220 0 0 1 0
0.300 -0.440 0 1 0 0
-0.890 0.290 0 0 0 1
0.660 0.760 1 0 0 0
0.800 -0.490 0 1 0 0
0.070 0.710 0 0 1 0
0.980 0.020 0 0 1 0
0.340 -0.630 0 1 0 0
-0.450 -0.400 1 0 0 0
-0.730 -0.660 1 0 0 0
-0.620 -0.220 1 0 0 0
0.260 0.420 1 0 0 0
-0.430 -0.490 1 0 0 0
-0.170 -0.160 0 0 1 0
-0.490 0.810 0 1 0 0
-0.920 0.380 0 0 0 1
-0.070 -0.290 0 0 1 0
-0.180 0.600 0 1 0 0
-0.450 -1.000 0 0 1 0
-0.940 0.370 0 0 0 1
0.970 0.270 0 0 1 0
0.610 -0.830 0 1 0 0
0.820 0.790 0 0 1 0
0.940 0.490 0 0 1 0
0.600 0.750 1 0 0 0
0.670 0.210 1 0 0 0
-0.210 0.460 0 1 0 0
-0.430 -0.590 1 0 0 0
0.100 0.090 0 0 1 0
0.240 0.380 1 0 0 0
-0.010 -0.830 0 0 1 0
0.420 0.210 1 0 0 0
-0.280 0.170 0 1 0 0
0.440 -0.260 0 1 0 0
-0.500 0.320 0 1 0 0
-0.940 -0.480 0 0 1 0
0.170 -0.910 0 0 0 1
-0.340 -0.010 0 0 1 0
0.070 -0.350 0 0 0 1
0.500 -0.890 0 1 0 0
-0.250 0.030 0 0 0 1
0.030 -0.510 0 0 0 1
0.370 0.260 1 0 0 0
0.600 -0.050 0 0 0 1
-0.700 0.590 0 1 0 0
-0.490 0.980 0 0 0 1
0.630 0.210 1 0 0 0
0.970 -0.280 0 0 0 1
0.590 0.600 1 0 0 0
-0.340 0.050 0 0 0 1
-0.940 -0.970 0 0 1 0
-0.370 0.500 0 1 0 0
-0.840 -0.880 0 0 1 0
-0.810 0.480 0 1 0 0
0.470 0.900 0 0 1 0
-0.510 -0.670 1 0 0 0
0.020 0.010 0 0 1 0
-0.530 0.110 0 1 0 0
-0.140 0.510 0 1 0 0
0.730 -0.350 0 1 0 0
-0.120 0.130 0 0 0 1
-0.640 -0.280 1 0 0 0
0.580 -0.270 0 1 0 0
0.320 -0.510 0 1 0 0
0.580 0.450 1 0 0 0
0.370 0.280 1 0 0 0
-0.470 -0.860 1 0 0 0
0.320 0.170 1 0 0 0
0.630 -0.310 0 1 0 0
0.840 -0.440 0 1 0 0
0.670 0.130 0 0 1 0
0.870 0.040 0 0 1 0
0.330 -0.680 0 1 0 0
0.660 0.750 1 0 0 0
-0.090 -0.150 0 0 1 0
-0.380 0.800 0 1 0 0
0.530 0.260 1 0 0 0
-0.850 0.390 0 1 0 0
-0.030 0.920 0 0 0 1
0.640 0.650 1 0 0 0
-0.450 -0.560 1 0 0 0
0.930 0.990 0 0 1 0
0.900 -0.210 0 0 0 1
-0.880 0.120 0 0 0 1
-0.710 0.380 0 1 0 0
-0.530 -0.130 1 0 0 0
0.180 0.010 0 0 1 0
-0.120 0.770 0 0 0 1
-0.440 0.690 0 1 0 0
0.650 -0.380 0 1 0 0
1.000 0.040 0 0 1 0
-0.460 0.310 0 1 0 0
-0.050 0.530 0 0 0 1
-0.590 0.580 0 1 0 0
-0.110 0.070 0 0 0 1
0.440 -0.910 0 0 0 1
-0.610 -0.440 1 0 0 0
-0.920 0.240 0 0 0 1
0.230 -0.630 0 1 0 0
0.440 0.760 1 0 0 0
-0.260 0.800 0 1 0 0
-0.460 -0.220 1 0 0 0
-0.400 0.430 0 1 0 0
0.370 -0.310 0 1 0 0
0.600 -0.830 0 1 0 0
-0.070 0.810 0 0 0 1
0.770 0.040 0 0 1 0
-0.920 -0.150 0 0 1 0
0.680 0.720 1 0 0 0
0.360 -0.680 0 1 0 0
0.350 0.700 1 0 0 0
0.710 -0.580 0 1 0 0
-0.050 0.870 0 0 0 1
0.090 -0.120 0 0 0 1
-0.420 -0.590 1 0 0 0
-0.920 0.940 0 0 0 1
0.460 0.890 1 0 0 0
0.890 -0.780 0 0 0 1
0.440 0.580 1 0 0 0
0.400 -0.190 0 1 0 0
0.220 -0.070 0 0 0 1
0.460 -0.060 0 0 0 1
-0.470 -0.040 0 0 1 0
-0.710 -0.240 1 0 0 0
-0.810 0.890 0 0 0 1
-0.510 -0.510 1 0 0 0
0.240 -0.470 0 1 0 0
0.870 0.900 0 0 1 0
0.940 -0.410 0 0 0 1
0.600 -0.570 0 1 0 0
-0.190 0.710 0 1 0 0
0.340 0.430 1 0 0 0
0.000 0.750 0 0 1 0
0.720 -0.070 0 0 0 1
-1.000 0.710 0 0 0 1
0.710 0.710 1 0 0 0
-0.920 0.360 0 0 0 1
-0.410 0.410 0 1 0 0
0.780 -0.780 0 1 0 0
-0.360 -0.950 0 0 1 0
-0.070 -0.910 0 0 1 0
-0.190 -0.310 1 0 0 0
-0.550 0.460 0 1 0 0
0.720 -0.650 0 1 0 0
0.010 0.240 0 0 1 0
0.710 0.220 1 0 0 0
0.800 -0.800 0 0 0 1
-0.040 -0.410 0 0 1 0
0.750 0.600 1 0 0 0
-0.240 -0.710 1 0 0 0
0.690 0.240 1 0 0 0
0.350 0.580 1 0 0 0
-0.130 0.040 0 0 0 1
0.170 -0.700 0 1 0 0
0.820 0.270 1 0 0 0
0.120 -0.530 0 1 0 0
-0.680 -0.190 1 0 0 0
-0.230 0.130 0 0 0 1
0.770 0.440 1 0 0 0
0.600 -0.440 0 1 0 0
0.770 -0.530 0 1 0 0
-0.090 1.000 0 0 0 1
-0.710 -0.090 0 0 1 0
0.000 -0.550 0 0 1 0
1.000 0.870 0 0 1 0
0.170 0.380 1 0 0 0
-0.280 -0.080 0 0 1 0
0.820 0.510 1 0 0 0
-0.840 0.690 0 1 0 0
0.440 -0.740 0 1 0 0
0.910 0.880 0 0 1 0
-0.970 -0.670 0 0 1 0
-0.320 -0.510 1 0 0 0
-0.830 0.730 0 0 0 1
0.030 -0.120 0 0 0 1
-0.740 0.720 0 1 0 0
0.850 0.120 0 0 1 0
-0.740 0.420 0 1 0 0
-0.870 -0.790 0 0 1 0
-0.900 -0.270 0 0 1 0
-0.900 0.260 0 0 0 1
-0.470 -0.010 0 0 1 0
-0.620 -0.450 1 0 0 0
0.020 0.050 0 0 1 0
-0.550 0.220 0 1 0 0
0.060 0.840 0 0 1 0
-0.780 -0.130 0 0 1 0
-0.770 -0.260 1 0 0 0
-0.770 0.890 0 0 0 1
-0.690 -0.980 0 0 1 0
-0.200 0.130 0 0 0 1
-0.220 0.890 0 0 0 1
-0.410 -0.830 1 0 0 0
-0.940 0.780 0 0 0 1
0.860 0.610 1 0 0 0
0.350 0.830 1 0 0 0
-0.780 -0.390 1 0 0 0
0.830 0.500 1 0 0 0
-0.150 0.190 0 0 0 1
0.440 -0.350 0 1 0 0
-0.750 0.780 0 1 0 0
0.170 0.110 0 0 1 0
0.910 -0.600 0 0 0 1
-0.060 0.500 0 0 0 1
0.180 -1.000 0 0 0 1
1.000 0.460 0 0 1 0
-0.240 -0.170 0 0 1 0
-0.120 0.780 0 0 0 1
0.600 -0.060 0 0 0 1
-0.760 0.030 0 0 0 1
0.120 0.690 0 0 1 0
-0.920 -0.060 0 0 1 0
-0.390 -0.130 1 0 0 0
0.520 0.110 1 0 0 0
0.130 0.070 0 0 1 0
0.840 0.300 1 0 0 0
0.890 0.700 0 0 1 0
-0.640 0.850 0 1 0 0
0.060 0.710 0 0 1 0
0.860 0.010 0 0 1 0
0.630 0.860 1 0 0 0
0.370 -0.180 0 1 0 0
0.470 0.840 1 0 0 0
-0.470 -0.310 1 0 0 0
-0.870 -0.200 0 0 1 0
-0.930 -0.200 0 0 1 0
-0.480 -0.580 1 0 0 0
-0.700 0.830 0 1 0 0
0.300 0.250 1 0 0 0
0.540 0.600 1 0 0 0
0.250 0.590 1 0 0 0
0.450 -0.300 0 1 0 0
0.770 0.480 1 0 0 0
-0.400 0.570 0 1 0 0
-0.320 0.280 0 1 0 0
0.080 -0.490 0 0 0 1
0.680 -0.230 0 1 0 0
-0.980 -0.050 0 0 1 0
-0.550 0.130 0 1 0 0
-0.830 -0.200 0 0 1 0
0.480 0.320 1 0 0 0
-0.750 -0.600 1 0 0 0
0.510 -0.190 0 1 0 0
-0.740 -0.030 0 0 1 0
-0.680 0.170 0 1 0 0
0.210 -0.480 0 1 0 0
-0.740 0.340 0 1 0 0
-0.990 0.250 0 0 0 1
-0.940 0.820 0 0 0 1
0.370 0.500 1 0 0 0
-0.290 -0.310 1 0 0 0
0.150 0.740 0 0 1 0
0.290 -0.770 0 1 0 0
-0.030 -0.900 0 0 1 0
-0.950 -0.110 0 0 1 0
-0.190 -0.240 0 0 1 0
-0.040 -0.740 0 0 1 0
-0.060 -0.020 0 0 1 0
-0.540 0.150 0 1 0 0
-0.160 0.540 0 1 0 0
0.730 -0.780 0 1 0 0
0.240 0.070 0 0 1 0
-0.970 -0.910 0 0 1 0
0.650 -0.900 0 0 0 1
0.080 0.520 0 0 1 0
0.500 -0.540 0 1 0 0
-0.930 -0.120 0 0 1 0
0.090 0.280 0 0 1 0
-0.510 0.930 0 0 0 1
-0.200 -0.660 1 0 0 0
0.800 -0.420 0 1 0 0
0.740 -0.960 0 0 0 1
0.690 0.630 1 0 0 0
0.720 0.100 0 0 1 0
-0.240 -0.210 1 0 0 0
0.190 0.420 1 0 0 0
0.330 -0.840 0 1 0 0
0.930 -0.930 0 0 0 1
0.350 -0.100 0 0 0 1
-0.060 0.010 0 0 0 1
-0.030 0.690 0 0 0 1
0.330 0.040 0 0 1 0
-0.480 0.770 0 1 0 0
-0.630 -0.730 1 0 0 0
0.090 0.660 0 0 1 0
0.310 0.360 1 0 0 0
0.860 -0.340 0 1 0 0
-0.290 -0.190 1 0 0 0
-0.180 0.560 0 1 0 0
0.670 0.300 1 0 0 0
-0.250 -0.580 1 0 0 0
-0.090 0.180 0 0 0 1
0.000 -0.090 0 0 1 0
-0.160 -0.850 0 0 1 0
-0.930 0.860 0 0 0 1
-0.130 -0.570 1 0 0 0
0.730 0.610 1 0 0 0
-0.400 0.460 0 1 0 0
-0.090 -0.360 0 0 1 0
-0.240 -0.330 1 0 0 0
-0.060 0.570 0 0 0 1
1.000 -0.340 0 0 0 1
0.490 -0.080 0 0 0 1
-0.940 0.840 0 0 0 1
0.330 -0.580 0 1 0 0
0.170 0.590 1 0 0 0
0.590 0.780 1 0 0 0
-0.810 0.980 0 0 0 1
-0.430 -0.410 1 0 0 0
0.070 0.550 0 0 1 0
-0.120 -0.640 0 0 1 0
-0.110 0.570 0 1 0 0
0.430 -0.310 0 1 0 0
-0.520 0.700 0 1 0 0
-0.080 0.910 0 0 0 1
-0.350 0.020 0 0 0 1
0.800 0.810 0 0 1 0
0.560 0.330 1 0 0 0
-0.030 -0.600 0 0 1 0
-0.590 -0.310 1 0 0 0
-0.700 -0.250 1 0 0 0
-0.760 0.760 0 1 0 0
0.490 0.920 0 0 1 0
0.480 0.810 1 0 0 0
0.750 0.620 1 0 0 0
0.120 -0.750 0 0 0 1
0.370 -0.090 0 0 0 1
-0.100 -0.760 0 0 1 0
1.000 -0.490 0 0 0 1
0.650 0.290 1 0 0 0
0.120 0.060 0 0 1 0
-0.260 -0.400 1 0 0 0
0.320 -0.160 0 1 0 0
-0.780 -0.920 0 0 1 0
0.360 0.110 0 0 1 0
-0.160 0.440 0 1 0 0
-0.360 0.190 0 1 0 0
-0.880 0.240 0 0 0 1
0.540 -0.040 0 0 0 1
0.770 0.280 1 0 0 0
-0.870 -0.580 1 0 0 0
0.000 0.880 0 0 1 0
-0.740 0.240 0 1 0 0
0.240 -0.010 0 0 0 1
0.380 -0.040 0 0 0 1
-0.860 0.630 0 1 0 0
0.160 -0.010 0 0 0 1
-0.800 0.380 0 1 0 0
0.140 0.250 0 0 1 0
0.770 0.510 1 0 0 0
-0.290 -0.580 1 0 0 0
-0.110 0.110 0 0 0 1
0.150 -0.260 0 0 0 1
0.700 0.280 1 0 0 0
0.790 -0.720 0 1 0 0
-0.530 0.680 0 1 0 0
0.440 0.750 1 0 0 0
-0.930 0.720 0 0 0 1
0.000 -0.760 0 0 1 0
-0.360 0.040 0 0 0 1
0.390 0.990 0 0 1 0
0.470 0.630 1 0 0 0
0.520 0.530 1 0 0 0
-0.310 0.980 0 0 0 1
-0.090 0.840 0 0 0 1
0.220 0.680 1 0 0 0
-0.990 -0.180 0 0 1 0
-0.480 0.160 0 1 0 0
-0.310 -0.560 1 0 0 0
0.150 -0.410 0 1 0 0
0.230 -0.520 0 1 0 0
0.430 -0.020 0 0 0 1
0.120 -0.470 0 1 0 0
0.110 -0.220 0 0 0 1
-0.970 -0.910 0 0 1 0
-0.690 -0.700 1 0 0 0
0.820 0.810 0 0 1 0
-0.460 -0.920 0 0 1 0
0.630 0.940 0 0 1 0
-0.710 0.780 0 1 0 0
1.000 0.640 0 0 1 0
0.120 -0.520 0 1 0 0
0.290 -0.990 0 0 0 1
-0.770 0.850 0 0 0 1
-0.970 0.610 0 0 0 1
-0.910 0.830 0 0 0 1
0.780 0.290 1 0 0 0
-0.150 0.840 0 0 0 1
-0.340 0.720 0 1 0 0
-0.510 0.840 0 1 0 0
-0.190 -0.970 0 0 1 0
0.870 0.340 0 0 1 0
-0.710 -0.200 1 0 0 0
0.740 0.250 1 0 0 0
0.950 -0.520 0 0 0 1
0.420 -0.280 0 1 0 0
0.960 0.740 0 0 1 0
0.510 0.490 1 0 0 0
0.300 -0.090 0 0 0 1
-0.200 -0.820 0 0 1 0
0.780 0.660 1 0 0 0
0.660 0.130 0 0 1 0
-0.730 0.600 0 1 0 0
0.530 0.680 1 0 0 0
0.470 -0.320 0 1 0 0
0.880 0.220 0 0 1 0
0.660 -0.490 0 1 0 0
0.420 0.470 1 0 0 0
-0.460 0.470 0 1 0 0
-0.070 0.240 0 0 0 1
0.720 -0.260 0 1 0 0
0.030 0.560 0 0 1 0
-0.870 0.520 0 1 0 0
0.750 0.890 0 0 1 0
0.900 0.550 0 0 1 0
0.540 0.750 1 0 0 0
-0.440 -0.720 1 0 0 0
-0.630 -0.620 1 0 0 0
-0.490 0.580 0 1 0 0
-0.440 -0.500 1 0 0 0
-0.050 -0.150 0 0 1 0
-0.670 0.000 0 0 1 0
0.880 0.230 0 0 1 0
0.410 -0.290 0 1 0 0
-0.830 -0.380 1 0 0 0
0.300 0.820 1 0 0 0
0.220 0.360 1 0 0 0
-0.490 0.740 0 1 0 0
0.830 -0.410 0 1 0 0
-0.240 -0.380 1 0 0 0
0.860 0.160 0 0 1 0
-0.830 -0.140 0 0 1 0
-0.050 0.340 0 0 0 1
-0.800 0.220 0 0 0 1
0.270 -0.500 0 1 0 0
0.550 0.110 1 0 0 0
-0.680 0.860 0 0 0 1
-0.420 -0.050 0 0 1 0
0.630 0.020 0 0 1 0
-0.180 0.620 0 1 0 0
-0.430 0.170 0 1 0 0
0.560 -0.590 0 1 0 0
0.710 -0.700 0 1 0 0
0.640 0.230 1 0 0 0
-0.720 -0.400 1 0 0 0
-0.200 -0.740 1 0 0 0
-0.140 -0.740 0 0 1 0
-0.100 -0.430 0 0 1 0
0.420 -0.200 0 1 0 0
-0.430 -0.050 0 0 1 0
-0.860 -0.180 0 0 1 0
-0.460 -0.130 1 0 0 0
-0.170 0.530 0 1 0 0
-0.530 -0.490 1 0 0 0
-0.910 0.970 0 0 0 1
0.080 0.590 0 0 1 0
0.360 -0.750 0 1 0 0
0.830 -0.930 0 0 0 1
0.290 -0.400 0 1 0 0
-0.300 -0.170 1 0 0 0
-0.230 0.550 0 1 0 0
0.610 0.160 1 0 0 0
0.470 -0.570 0 1 0 0
-0.780 -0.540 1 0 0 0
-0.550 -0.020 0 0 1 0
-0.690 -0.540 1 0 0 0
0.850 -0.710 0 0 0 1
0.970 0.870 0 0 1 0
0.670 0.880 0 0 1 0
0.600 -0.130 0 1 0 0
0.400 0.230 1 0 0 0
0.960 -0.330 0 0 0 1
0.820 0.190 0 0 1 0
0.760 0.690 1 0 0 0
0.050 -0.470 0 0 0 1
-0.670 -0.930 0 0 1 0
-0.660 0.510 0 1 0 0
-0.650 0.260 0 1 0 0
0.310 -0.460 0 1 0 0
0.340 0.010 0 0 1 0
-0.710 -0.820 1 0 0 0
0.690 -0.600 0 1 0 0
0.810 0.720 1 0 0 0
-0.250 -0.030 0 0 1 0
0.890 0.140 0 0 1 0
-0.200 -0.230 0 0 1 0
-0.500 0.220 0 1 0 0
0.700 0.560 1 0 0 0
0.300 0.470 1 0 0 0
-0.830 0.720 0 1 0 0
-0.040 0.610 0 0 0 1
0.710 0.040 0 0 1 0
-0.930 -0.260 0 0 1 0
0.700 -0.760 0 1 0 0
-0.160 -0.500 1 0 0 0
0.560 0.250 1 0 0 0
0.410 0.020 0 0 1 0
-0.550 0.160 0 1 0 0
-0.460 0.220 0 1 0 0
-0.780 0.650 0 1 0 0
-0.500 0.620 0 1 0 0
-0.590 -0.250 1 0 0 0
0.460 0.630 1 0 0 0
0.080 0.710 0 0 1 0
0.120 -0.260 0 0 0 1
0.690 -0.650 0 1 0 0
-0.970 -0.560 0 0 1 0
-0.670 -0.430 1 0 0 0
0.030 0.810 0 0 1 0
0.640 0.450 1 0 0 0
0.530 0.620 1 0 0 0
-0.090 -0.060 0 0 1 0
0.870 -0.680 0 0 0 1
0.780 -0.200 0 0 0 1
0.510 0.950 0 0 1 0
-0.870 -0.970 0 0 1 0
-0.420 0.980 0 0 0 1
-0.820 0.070 0 0 0 1
0.090 0.150 0 0 1 0
0.170 0.210 0 0 1 0
-0.510 -0.060 0 0 1 0
-0.950 0.500 0 0 0 1
-0.880 -0.140 0 0 1 0
-0.740 -0.800 1 0 0 0
-0.940 0.310 0 0 0 1
0.700 0.890 0 0 1 0
0.720 -0.780 0 1 0 0
0.770 -0.460 0 1 0 0
0.990 0.060 0 0 1 0
-0.820 -0.080 0 0 1 0
0.030 -0.600 0 0 0 1
-0.280 0.050 0 0 0 1
-0.030 -0.010 0 0 1 0
0.350 0.500 1 0 0 0
0.280 0.840 0 0 1 0
0.500 -0.220 0 1 0 0
-0.540 -0.880 1 0 0 0
-0.310 -0.350 1 0 0 0
-0.960 0.860 0 0 0 1
0.850 -0.870 0 0 0 1
-0.880 -0.870 0 0 1 0
-0.240 -0.660 1 0 0 0
-0.240 0.860 0 0 0 1
-0.190 0.130 0 0 0 1
0.790 -0.650 0 1 0 0
0.800 0.020 0 0 1 0
-0.610 -0.810 1 0 0 0
-0.360 -0.770 1 0 0 0
-0.440 0.510 0 1 0 0
-0.460 0.700 0 1 0 0
-0.170 -0.230 0 0 1 0
-0.800 0.970 0 0 0 1
-0.780 -0.550 1 0 0 0
-0.730 0.070 0 0 0 1
0.560 0.750 1 0 0 0
0.960 0.260 0 0 1 0
-0.970 0.300 0 0 0 1
0.190 0.270 1 0 0 0
-0.160 0.330 0 1 0 0
0.350 -0.430 0 1 0 0
0.370 0.550 1 0 0 0
-0.990 -0.840 0 0 1 0
0.910 -0.920 0 0 0 1
-0.040 0.820 0 0 0 1
-0.940 -0.220 0 0 1 0
0.810 -0.090 0 0 0 1
0.380 -0.670 0 1 0 0
0.600 -0.110 0 0 0 1
-0.230 -0.520 1 0 0 0
0.020 0.710 0 0 1 0
0.440 0.810 1 0 0 0
1.000 0.100 0 0 1 0
-0.470 -0.880 1 0 0 0
-0.210 -0.340 1 0 0 0
0.160 -0.490 0 1 0 0
-0.030 0.330 0 0 0 1
-0.310 -0.860 0 0 1 0
0.790 0.090 0 0 1 0
-0.390 -0.860 1 0 0 0
0.260 -0.330 0 1 0 0
-0.710 -0.910 0 0 1 0
-0.310 -0.900 0 0 1 0
0.680 -0.870 0 0 0 1
-0.330 -0.620 1 0 0 0
0.000 -0.200 0 0 1 0
-0.470 0.230 0 1 0 0
0.180 -0.290 0 1 0 0
0.610 -0.970 0 0 0 1
-0.770 0.910 0 0 0 1
-0.170 -0.630 1 0 0 0
0.900 -0.370 0 0 0 1
0.890 -0.430 0 1 0 0
0.750 0.930 0 0 1 0
0.470 -0.690 0 1 0 0
-0.260 0.470 0 1 0 0
0.410 -0.520 0 1 0 0
0.870 -0.090 0 0 0 1
-0.860 0.860 0 0 0 1
0.240 -0.220 0 1 0 0
-0.310 -0.980 0 0 1 0
0.890 -0.830 0 0 0 1
0.910 0.830 0 0 1 0
0.540 -0.830 0 1 0 0
0.050 -0.060 0 0 0 1
0.910 -0.660 0 0 0 1
0.940 0.910 0 0 1 0
-0.920 0.990 0 0 0 1
-0.440 -0.720 1 0 0 0
-0.690 -0.200 1 0 0 0
-0.240 1.000 0 0 0 1
0.250 -0.530 0 1 0 0
0.850 0.510 1 0 0 0
0.330 0.050 0 0 1 0
-0.410 -0.460 1 0 0 0
-0.390 -0.740 1 0 0 0
0.390 -0.980 0 0 0 1
-0.740 0.630 0 1 0 0
0.600 0.620 1 0 0 0
0.880 0.200 0 0 1 0
-0.150 0.480 0 1 0 0
-0.990 0.210 0 0 0 1
-0.730 -0.640 1 0 0 0
0.690 -1.000 0 0 0 1
-0.970 -0.060 0 0 1 0
-0.790 -0.220 0 0 1 0
0.010 0.910 0 0 1 0
-0.810 -0.320 1 0 0 0
0.430 -0.250 0 1 0 0
0.330 -0.700 0 1 0 0
0.810 -0.850 0 0 0 1
0.300 0.680 1 0 0 0
0.030 0.290 0 0 1 0
-0.200 -0.640 1 0 0 0
0.610 -0.830 0 1 0 0
-0.320 0.930 0 0 0 1
-0.840 0.990 0 0 0 1
0.130 -0.520 0 1 0 0
0.350 -0.300 0 1 0 0
0.650 0.490 1 0 0 0
0.630 0.810 1 0 0 0
0.260 -0.780 0 1 0 0
-0.230 0.640 0 1 0 0
-0.590 -0.180 1 0 0 0
0.450 0.940 0 0 1 0
-0.730 -0.230 1 0 0 0
0.070 -0.600 0 0 0 1
0.670 0.270 1 0 0 0
-0.800 0.390 0 1 0 0
-0.690 0.770 0 1 0 0
0.280 -0.060 0 0 0 1
0.430 0.690 1 0 0 0
-0.600 0.480 0 1 0 0
0.650 -0.630 0 1 0 0
-0.900 0.330 0 0 0 1
0.860 -0.750 0 0 0 1
0.290 -0.180 0 1 0 0
0.030 0.570 0 0 1 0
-0.860 -0.680 0 0 1 0
0.780 -0.100 0 0 0 1
0.570 0.320 1 0 0 0
-0.410 -0.280 1 0 0 0
0.120 -0.320 0 0 0 1
0.050 -0.440 0 0 0 1
-0.990 -0.370 0 0 1 0
0.420 0.320 1 0 0 0
0.420 0.000 0 0 1 0
-0.670 -0.050 0 0 1 0
0.580 0.700 1 0 0 0
0.920 0.170 0 0 1 0
0.100 -0.390 0 0 0 1
0.090 0.340 0 0 1 0
0.260 -0.340 0 1 0 0
0.250 0.480 1 0 0 0
-0.280 -0.040 0 0 1 0
0.150 0.980 0 0 1 0
0.970 -0.980 0 0 0 1
-0.380 -0.370 1 0 0 0
-0.910 -0.980 0 0 1 0
0.740 -0.800 0 1 0 0
0.960 1.000 0 0 1 0
-0.320 -0.100 0 0 1 0
-0.730 0.010 0 0 0 1
-0.290 0.540 0 1 0 0
0.960 -0.040 0 0 0 1
-0.660 0.470 0 1 0 0
-0.970 -0.660 0 0 1 0
0.200 0.110 0 0 1 0
-0.760 -0.400 1 0 0 0
0.350 -0.220 0 1 0 0
0.460 -0.870 0 1 0 0
-0.770 -0.620 1 0 0 0
0.210 0.830 0 0 1 0
-0.350 0.160 0 1 0 0
0.510 0.230 1 0 0 0
0.000 -0.960 0 0 1 0
0.990 0.150 0 0 1 0
-0.350 -0.680 1 0 0 0
0.590 0.430 1 0 0 0
-0.290 -0.780 1 0 0 0
-0.570 -0.580 1 0 0 0
0.160 0.990 0 0 1 0
-0.650 -0.800 1 0 0 0
-0.260 -0.090 0 0 1 0
0.460 -0.330 0 1 0 0
-0.130 -0.470 1 0 0 0
-0.300 -1.000 0 0 1 0
0.660 0.560 1 0 0 0
-0.670 0.020 0 0 0 1
-0.100 0.040 0 0 0 1
-0.570 -0.290 1 0 0 0
-0.130 0.140 0 0 0 1
-0.570 -0.600 1 0 0 0
0.780 0.830 0 0 1 0
-0.590 -0.560 1 0 0 0
0.560 0.170 1 0 0 0
-0.780 0.840 0 0 0 1
-0.450 0.650 0 1 0 0
-0.340 0.490 0 1 0 0
0.400 0.440 1 0 0 0
-0.470 0.520 0 1 0 0
0.260 0.920 0 0 1 0
-0.610 -0.310 1 0 0 0
0.050 -0.790 0 0 0 1
-0.160 -0.140 0 0 1 0
0.540 0.360 1 0 0 0
0.360 -0.370 0 1 0 0
-0.450 0.680 0 1 0 0
-0.840 -0.170 0 0 1 0
-0.590 0.610 0 1 0 0
0.350 0.820 1 0 0 0
0.280 0.680 1 0 0 0
0.010 0.610 0 0 1 0
-0.390 0.550 0 1 0 0
0.210 0.180 0 0 1 0
0.730 -0.510 0 1 0 0
0.390 -0.430 0 1 0 0
0.890 -0.640 0 0 0 1
0.740 0.710 1 0 0 0
-0.030 -0.780 0 0 1 0
-0.430 0.050 0 0 0 1
-0.360 0.300 0 1 0 0
-0.910 -0.180 0 0 1 0
-0.980 0.100 0 0 0 1
-0.540 -0.890 1 0 0 0
-0.060 -0.770 0 0 1 0
-0.580 0.020 0 0 0 1
-0.070 -0.920 0 0 1 0
-0.090 -0.030 0 0 1 0
0.410 -0.010 0 0 0 1
0.640 0.880 0 0 1 0
0.210 0.060 0 0 1 0
-0.390 0.870 0 1 0 0
-0.980 0.460 0 0 0 1
0.480 -0.510 0 1 0 0
-0.090 -0.340 0 0 1 0
0.890 -0.880 0 0 0 1
-0.700 -0.730 1 0 0 0
-0.990 -0.240 0 0 1 0
-0.710 0.960 0 0 0 1
-0.030 -0.270 0 0 1 0
0.600 -0.620 0 1 0 0
0.010 0.230 0 0 1 0
-0.660 -0.830 1 0 0 0
-0.540 0.660 0 1 0 0
0.010 0.510 0 0 1 0
-0.100 -0.990 0 0 1 0
-0.670 0.320 0 1 0 0
0.110 -0.860 0 0 0 1
-0.090 0.010 0 0 0 1
0.800 -0.940 0 0 0 1
0.200 0.730 1 0 0 0
0.550 0.200 1 0 0 0
-0.540 0.840 0 1 0 0
0.910 0.720 0 0 1 0
0.220 -0.890 0 0 0 1
0.850 0.700 0 0 1 0
-0.330 -0.050 0 0 1 0
-0.960 0.420 0 0 0 1
-0.480 -0.290 1 0 0 0
-0.330 -0.740 1 0 0 0
0.350 -0.290 0 1 0 0
0.550 0.560 1 0 0 0
-0.630 -0.270 1 0 0 0
-0.830 -0.160 0 0 1 0
0.750 -0.040 0 0 0 1
-0.740 0.050 0 0 0 1
0.340 -0.150 0 1 0 0
-0.210 -0.790 0 0 1 0
0.040 0.760 0 0 1 0
0.930 -0.530 0 0 0 1
0.640 -0.480 0 1 0 0
0.690 -0.200 0 1 0 0
-0.820 -0.060 0 0 1 0
0.820 -0.990 0 0 0 1
0.280 0.770 1 0 0 0
-0.020 0.980 0 0 0 1
-0.790 -0.530 1 0 0 0
0.520 -0.680 0 1 0 0
0.760 0.810 0 0 1 0
0.620 -0.850 0 1 0 0
0.660 0.460 1 0 0 0
0.870 0.980 0 0 1 0
0.540 -0.320 0 1 0 0
0.240 0.740 1 0 0 0
0.860 1.000 0 0 1 0
0.740 0.680 1 0 0 0
0.370 0.330 1 0 0 0
0.470 -0.380 0 1 0 0
-0.700 0.640 0 1 0 0
-0.930 0.350 0 0 0 1
0.350 -0.540 0 1 0 0
0.250 -0.310 0 1 0 0
0.550 -0.170 0 1 0 0
-0.890 0.690 0 0 0 1
0.640 -0.720 0 1 0 0
0.720 -0.170 0 1 0 0
0.630 -0.180 0 1 0 0
0.190 -0.170 0 0 0 1
-0.020 0.040 0 0 0 1
0.040 -0.080 0 0 0 1
-0.310 -0.350 1 0 0 0
-0.550 0.570 0 1 0 0
0.080 0.890 0 0 1 0
-0.350 -0.820 1 0 0 0
0.060 -0.550 0 0 0 1
-0.990 0.300 0 0 0 1
-0.600 0.250 0 1 0 0
0.760 -0.040 0 0 0 1
0.020 -0.970 0 0 0 1
-0.870 -0.290 0 0 1 0
-0.760 0.160 0 0 0 1
0.090 -0.610 0 0 0 1
-0.270 0.680 0 1 0 0
-0.970 0.430 0 0 0 1
0.990 -0.190 0 0 0 1
-0.380 0.720 0 1 0 0
0.340 -0.870 0 0 0 1
-0.450 -0.890 1 0 0 0
-0.520 -0.270 1 0 0 0
0.120 0.420 1 0 0 0
-0.660 0.110 0 0 0 1
-0.740 0.500 0 1 0 0
0.160 0.760 0 0 1 0
0.320 -0.940 0 0 0 1
-0.650 -0.500 1 0 0 0
0.860 -0.760 0 0 0 1
-0.320 -0.420 1 0 0 0
-0.130 0.070 0 0 0 1
0.810 -0.370 0 1 0 0
0.850 0.210 0 0 1 0
0.520 -0.690 0 1 0 0
0.010 -0.270 0 0 0 1
0.390 -0.100 0 0 0 1
0.960 -0.090 0 0 0 1
-0.880 0.660 0 0 0 1
0.160 -0.170 0 0 0 1
-0.910 0.300 0 0 0 1
-0.110 0.330 0 0 0 1
0.130 -0.320 0 0 0 1
0.020 0.970 0 0 1 0
0.180 -0.140 0 0 0 1
0.000 -0.240 0 0 1 0
0.010 0.780 0 0 1 0
-0.440 0.690 0 1 0 0
0.810 -0.330 0 1 0 0
0.300 0.410 1 0 0 0
0.680 -0.210 0 1 0 0
0.620 0.300 1 0 0 0
-0.490 0.640 0 1 0 0
-0.890 0.320 0 0 0 1
0.520 0.450 1 0 0 0
0.630 0.630 1 0 0 0
-0.870 0.070 0 0 0 1
0.380 0.690 1 0 0 0
-0.140 -0.960 0 0 1 0
-0.450 0.300 0 1 0 0
0.050 0.860 0 0 1 0
-0.450 -0.580 1 0 0 0
-0.740 0.350 0 1 0 0
-0.860 0.810 0 0 0 1
0.510 -0.170 0 1 0 0
-0.340 -0.230 1 0 0 0
0.430 -0.110 0 1 0 0
-0.760 0.400 0 1 0 0
-0.820 0.310 0 1 0 0
0.880 -0.680 0 0 0 1
0.210 -0.700 0 1 0 0
0.620 0.770 1 0 0 0
-0.720 -0.410 1 0 0 0
-0.350 0.290 0 1 0 0
0.770 -0.070 0 0 0 1
0.980 0.430 0 0 1 0
0.480 -0.460 0 1 0 0
0.150 0.120 0 0 1 0
-0.640 -0.080 0 0 1 0
-0.950 0.720 0 0 0 1
0.600 -0.560 0 1 0 0
0.620 0.870 1 0 0 0
-0.270 -0.690 1 0 0 0
0.140 0.680 0 0 1 0
0.890 -0.110 0 0 0 1
0.450 -0.360 0 1 0 0
-0.460 0.490 0 1 0 0
-0.210 0.840 0 0 0 1
-0.830 -0.760 0 0 1 0
0.180 -0.460 0 1 0 0
-0.760 0.760 0 1 0 0
0.740 -0.660 0 1 0 0
0.970 -0.950 0 0 0 1
-0.270 -0.720 1 0 0 0
-0.880 0.440 0 1 0 0
0.130 -0.670 0 0 0 1
-0.150 -0.030 0 0 1 0
0.240 -0.100 0 0 0 1
-0.600 -0.960 0 0 1 0
0.140 0.520 1 0 0 0
0.020 0.740 0 0 1 0
-0.460 -0.320 1 0 0 0
0.860 0.460 1 0 0 0
0.230 0.080 0 0 1 0
0.500 -0.370 0 1 0 0
-0.360 0.470 0 1 0 0
0.690 0.970 0 0 1 0
-0.190 -0.240 0 0 1 0
0.790 0.710 1 0 0 0
-0.240 0.250 0 1 0 0
0.400 -0.090 0 0 0 1
-0.290 0.300 0 1 0 0
0.770 -1.000 0 0 0 1
-0.960 0.750 0 0 0 1
-0.790 -0.940 0 0 1 0
0.220 0.020 0 0 1 0
0.000 0.270 0 0 1 0
-0.680 -0.540 1 0 0 0
-0.580 0.870 0 1 0 0
0.450 0.470 1 0 0 0
0.800 -0.560 0 1 0 0
-0.590 0.830 0 1 0 0
-0.720 -0.700 1 0 0 0
-0.490 -0.930 0 0 1 0
-0.700 0.120 0 0 0 1
-0.940 -0.040 0 0 1 0
-0.040 -0.370 0 0 1 0
-0.530 -0.060 0 0 1 0
-0.030 0.450 0 0 0 1
-0.990 -0.940 0 0 1 0
-0.010 0.840 0 0 0 1
0.100 -0.170 0 0 0 1
0.040 0.100 0 0 1 0
0.380 0.780 1 0 0 0
-0.520 0.650 0 1 0 0
-0.570 0.730 0 1 0 0
-0.360 -0.340 1 0 0 0
0.110 0.000 0 0 1 0
0.210 -0.330 0 1 0 0
-0.330 -0.600 1 0 0 0
-0.180 0.990 0 0 0 1
-0.020 0.890 0 0 0 1
-0.560 0.070 0 0 0 1
-0.450 -0.770 1 0 0 0
-0.030 0.330 0 0 0 1
-0.430 0.040 0 0 0 1
-0.700 0.720 0 1 0 0
-0.220 -0.630 1 0 0 0
-0.570 0.130 0 1 0 0
0.710 -0.950 0 0 0 1
0.210 -0.270 0 1 0 0
0.480 0.130 1 0 0 0
0.510 -0.620 0 1 0 0
-0.140 -0.830 0 0 1 0
-0.300 -0.850 0 0 1 0
0.580 -0.560 0 1 0 0
-0.520 -0.750 1 0 0 0
0.220 -0.570 0 1 0 0
-0.450 0.800 0 1 0 0
0.660 -0.090 0 0 0 1
-0.850 0.860 0 0 0 1
-0.470 0.760 0 1 0 0
-0.160 0.500 0 1 0 0
-0.310 0.880 0 0 0 1
-0.730 0.280 0 1 0 0
-0.230 -0.560 1 0 0 0
-0.380 -0.570 1 0 0 0
-0.560 0.790 0 1 0 0
0.730 -0.060 0 0 0 1
0.240 -0.840 0 0 0 1
0.800 0.030 0 0 1 0
0.840 0.680 1 0 0 0
-0.590 1.000 0 0 0 1
0.960 -0.480 0 0 0 1
-0.270 0.640 0 1 0 0
-0.270 0.320 0 1 0 0
-0.170 0.440 0 1 0 0
-0.790 -0.270 1 0 0 0
-0.930 0.980 0 0 0 1
0.750 -0.990 0 0 0 1
0.660 0.840 1 0 0 0
0.410 0.780 1 0 0 0
0.840 0.110 0 0 1 0
0.630 -0.670 0 1 0 0
-0.350 0.820 0 1 0 0
0.260 0.410 1 0 0 0
-0.570 -0.240 1 0 0 0
-0.360 -0.770 1 0 0 0
0.690 0.540 1 0 0 0
0.780 0.870 0 0 1 0
0.560 -0.300 0 1 0 0
0.290 -0.510 0 1 0 0
0.400 -0.370 0 1 0 0
0.320 -0.600 0 1 0 0
-0.480 0.200 0 1 0 0
0.280 -0.650 0 1 0 0
0.680 0.100 0 0 1 0
-0.940 -0.450 0 0 1 0
-0.250 -0.650 1 0 0 0
0.710 -0.770 0 1 0 0
0.550 -0.330 0 1 0 0
0.340 -0.900 0 0 0 1
0.660 0.960 0 0 1 0
0.510 0.010 0 0 1 0
0.290 0.340 1 0 0 0
-0.260 0.800 0 1 0 0
-0.570 -0.960 0 0 1 0
0.260 -0.740 0 1 0 0
-0.890 -0.680 0 0 1 0
-0.030 -0.230 0 0 1 0
0.650 -0.550 0 1 0 0
0.040 0.080 0 0 1 0
0.310 0.740 1 0 0 0
-0.600 0.010 0 0 0 1
-0.660 0.060 0 0 0 1
0.750 0.580 1 0 0 0
0.680 0.470 1 0 0 0
0.380 -0.850 0 1 0 0
0.320 -0.500 0 1 0 0
-0.590 0.440 0 1 0 0
-0.780 -0.870 0 0 1 0
-0.580 0.300 0 1 0 0
0.770 -0.900 0 0 0 1
-0.040 0.030 0 0 0 1
0.060 0.330 0 0 1 0
0.880 0.540 1 0 0 0
0.700 -0.840 0 1 0 0
0.310 -0.040 0 0 0 1
0.390 -0.530 0 1 0 0
0.710 -0.040 0 0 0 1
-0.610 0.030 0 0 0 1
0.430 0.130 1 0 0 0
-0.920 -0.850 0 0 1 0
-0.300 0.110 0 0 0 1
-0.740 0.390 0 1 0 0
0.780 0.820 0 0 1 0
0.370 -0.340 0 1 0 0
0.610 0.240 1 0 0 0
-0.160 -0.540 1 0 0 0
0.230 0.890 0 0 1 0
-0.630 -0.080 0 0 1 0
0.900 -0.900 0 0 0 1
-0.970 0.900 0 0 0 1
-0.290 0.640 0 1 0 0
-0.170 -0.750 0 0 1 0
-0.490 -0.930 0 0 1 0
0.660 0.600 1 0 0 0
-0.310 -0.620 1 0 0 0
0.970 0.100 0 0 1 0
-0.990 -0.830 0 0 1 0
-0.800 -0.160 0 0 1 0
-0.470 -0.010 0 0 1 0
0.460 -0.890 0 1 0 0
-0.300 0.910 0 0 0 1
0.930 0.890 0 0 1 0
0.270 -0.300 0 1 0 0
-0.860 -0.610 1 0 0 0
-0.310 0.530 0 1 0 0
-0.090 -0.500 0 0 1 0
-0.740 0.290 0 1 0 0
-0.600 -0.770 1 0 0 0
0.010 0.530 0 0 1 0
0.920 -0.010 0 0 0 1
1.000 0.510 0 0 1 0
-0.730 -0.360 1 0 0 0
0.530 -0.650 0 1 0 0
0.940 -0.750 0 0 0 1
0.990 -0.470 0 0 0 1
0.320 0.580 1 0 0 0
0.570 0.500 1 0 0 0
-0.880 -0.660 0 0 1 0
-0.280 0.960 0 0 0 1
-0.660 0.300 0 1 0 0
-0.020 -0.330 0 0 1 0
0.470 0.980 0 0 1 0
0.580 -0.110 0 1 0 0
-0.130 0.750 0 0 0 1
-0.350 -0.710 1 0 0 0
0.780 -0.180 0 0 0 1
-0.720 0.350 0 1 0 0
0.980 0.420 0 0 1 0
-0.110 -0.790 0 0 1 0
0.000 -0.820 0 0 1 0
0.780 -0.280 0 1 0 0
0.650 -0.370 0 1 0 0
0.420 0.720 1 0 0 0
0.670 -0.140 0 1 0 0
0.700 -0.130 0 0 0 1
-0.060 0.320 0 0 0 1
0.250 0.930 0 0 1 0
0.800 0.500 1 0 0 0
-0.420 -0.980 0 0 1 0
-0.200 -0.700 1 0 0 0
-0.570 0.000 0 0 1 0
-0.100 0.800 0 0 0 1
-0.220 0.390 0 1 0 0
0.990 -0.680 0 0 0 1
0.150 -0.960 0 0 0 1
0.980 -0.520 0 0 0 1
-0.790 -0.520 1 0 0 0
-0.030 -0.250 0 0 1 0
-0.180 -0.890 0 0 1 0
0.590 0.840 1 0 0 0
-0.230 0.260 0 1 0 0
0.720 -0.590 0 1 0 0
0.250 0.510 1 0 0 0
-0.030 0.400 0 0 0 1
0.720 0.000 0 0 1 0
-0.110 0.570 0 1 0 0
-0.270 0.980 0 0 0 1
0.740 0.810 1 0 0 0
0.290 0.910 0 0 1 0
0.150 -0.760 0 0 0 1
-0.240 0.920 0 0 0 1
-0.540 -1.000 0 0 1 0
0.820 0.530 1 0 0 0
1.000 0.770 0 0 1 0
-0.980 0.850 0 0 0 1
0.850 -0.200 0 0 0 1
-0.100 0.760 0 0 0 1
-0.490 -0.360 1 0 0 0
-0.860 0.190 0 0 0 1
-0.010 0.270 0 0 0 1
0.740 -0.180 0 1 0 0
0.590 0.460 1 0 0 0
0.370 0.250 1 0 0 0
0.740 0.990 0 0 1 0
-1.000 0.800 0 0 0 1
-0.840 -0.540 1 0 0 0
0.740 0.450 1 0 0 0
-0.180 -0.010 0 0 1 0
0.720 -0.860 0 0 0 1
0.210 0.710 1 0 0 0
-0.450 0.780 0 1 0 0
0.390 -0.650 0 1 0 0
0.500 0.580 1 0 0 0
0.120 -0.680 0 0 0 1
-0.320 -0.490 1 0 0 0
-0.290 0.820 0 1 0 0
0.990 0.110 0 0 1 0
0.450 -0.910 0 0 0 1
0.580 -0.450 0 1 0 0
0.420 -0.390 0 1 0 0
0.570 -0.360 0 1 0 0
0.840 -0.700 0 1 0 0
0.440 0.990 0 0 1 0
-0.520 -0.270 1 0 0 0
0.390 0.350 1 0 0 0
-0.080 -0.320 0 0 1 0
0.310 -0.610 0 1 0 0
-0.900 -0.490 0 0 1 0
-0.580 -0.340 1 0 0 0
0.110 0.820 0 0 1 0
-0.120 -0.240 0 0 1 0
-0.990 -0.010 0 0 1 0
-0.880 -0.730 0 0 1 0
-0.150 0.710 0 0 0 1
-0.860 0.170 0 0 0 1
-0.990 0.130 0 0 0 1
0.000 -0.210 0 0 1 0
-0.260 0.300 0 1 0 0
-0.350 -0.290 1 0 0 0
0.770 0.730 1 0 0 0
-0.320 -0.120 0 0 1 0
0.680 0.130 0 0 1 0
-0.200 0.920 0 0 0 1
-0.230 -0.790 1 0 0 0
0.950 0.630 0 0 1 0
-0.800 0.930 0 0 0 1
-0.720 -0.270 1 0 0 0
0.710 0.900 0 0 1 0
-0.620 0.390 0 1 0 0
-0.870 -0.280 0 0 1 0
0.110 -0.710 0 0 0 1
0.870 -0.760 0 0 0 1
0.930 0.090 0 0 1 0
0.520 0.280 1 0 0 0
0.680 -0.780 0 1 0 0
0.980 0.750 0 0 1 0
-0.920 0.060 0 0 0 1
0.690 0.550 1 0 0 0
-0.170 -0.650 1 0 0 0
0.190 0.830 0 0 1 0
-0.190 0.870 0 0 0 1
0.890 0.390 0 0 1 0
0.870 0.060 0 0 1 0
0.570 -0.130 0 1 0 0
0.230 -0.880 0 0 0 1
0.580 0.790 1 0 0 0
-0.870 -0.410 1 0 0 0
-0.860 0.760 0 0 0 1
-0.810 0.310 0 1 0 0
-0.410 -0.850 1 0 0 0
-0.880 0.060 0 0 0 1
0.240 0.700 1 0 0 0
-0.650 0.090 0 0 0 1
0.280 -0.400 0 1 0 0
-0.310 0.280 0 1 0 0
-0.990 -0.310 0 0 1 0
-0.820 0.310 0 1 0 0
0.660 0.290 1 0 0 0
-0.880 -0.950 0 0 1 0
-0.820 0.360 0 1 0 0
0.800 -0.070 0 0 0 1
0.430 0.760 1 0 0 0
-0.760 -0.480 1 0 0 0
0.030 -0.230 0 0 0 1
-0.770 0.780 0 1 0 0
-0.450 -0.990 0 0 1 0
0.130 0.330 0 0 1 0
-0.310 0.550 0 1 0 0
-0.300 -0.380 1 0 0 0
-0.460 0.370 0 1 0 0
0.190 0.940 0 0 1 0
-0.120 0.510 0 1 0 0
0.700 -0.370 0 1 0 0
-0.020 -0.200 0 0 1 0
-0.230 0.630 0 1 0 0
0.180 -0.900 0 0 0 1
0.530 -0.040 0 0 0 1
0.830 0.670 1 0 0 0
0.780 -0.700 0 1 0 0
0.630 0.480 1 0 0 0
-0.190 0.470 0 1 0 0
0.710 0.160 1 0 0 0
0.330 -0.250 0 1 0 0
-0.510 -0.310 1 0 0 0
-0.140 -0.840 0 0 1 0
0.720 -0.160 0 0 0 1
-0.530 0.360 0 1 0 0
-0.700 -0.930 0 0 1 0
0.370 0.270 1 0 0 0
0.170 0.360 1 0 0 0
0.140 0.420 1 0 0 0
0.120 -0.120 0 0 0 1
-0.720 0.970 0 0 0 1
-0.100 -0.370 0 0 1 0
-0.210 0.650 0 1 0 0
0.920 0.320 0 0 1 0
0.260 -0.860 0 0 0 1
-0.620 -0.850 1 0 0 0
-0.290 -0.060 0 0 1 0
0.590 0.530 1 0 0 0
-0.100 -0.100 0 0 1 0
-0.180 -0.680 1 0 0 0
-0.870 -0.800 0 0 1 0
0.840 0.430 1 0 0 0
0.640 0.230 1 0 0 0
0.570 -0.460 0 1 0 0
0.970 -0.110 0 0 0 1
0.480 -0.170 0 1 0 0
-0.590 -0.570 1 0 0 0
-0.330 -0.880 0 0 1 0
-0.490 -0.820 1 0 0 0
-0.100 -0.160 0 0 1 0
0.230 -0.760 0 1 0 0
-0.070 0.630 0 0 0 1
-0.320 -0.010 0 0 1 0
0.970 0.780 0 0 1 0
0.460 -0.440 0 1 0 0
0.880 0.350 0 0 1 0
0.230 -0.220 0 1 0 0
0.910 0.750 0 0 1 0
0.460 0.370 1 0 0 0
0.420 -0.840 0 1 0 0
0.390 -0.080 0 0 0 1
-0.320 -0.850 1 0 0 0
-0.310 0.580 0 1 0 0
0.090 0.740 0 0 1 0
0.680 0.000 0 0 1 0
-0.510 0.870 0 1 0 0
-0.100 -0.170 0 0 1 0
0.460 -0.470 0 1 0 0
-0.920 0.820 0 0 0 1
-0.500 -0.830 1 0 0 0
0.440 0.750 1 0 0 0
-0.190 0.530 0 1 0 0
-0.800 0.180 0 0 0 1
0.850 -0.610 0 1 0 0
-0.830 0.010 0 0 0 1
0.820 -0.790 0 0 0 1
0.010 -0.720 0 0 0 1
-0.900 -0.750 0 0 1 0
-0.670 0.240 0 1 0 0
-0.890 0.120 0 0 0 1
-0.410 0.010 0 0 0 1
0.480 0.390 1 0 0 0
-0.250 0.700 0 1 0 0
-0.790 0.810 0 0 0 1
0.300 0.950 0 0 1 0
0.000 -0.210 0 0 1 0
-0.720 0.650 0 1 0 0
0.520 -0.230 0 1 0 0
0.050 0.110 0 0 1 0
-0.990 0.930 0 0 0 1
0.600 -0.690 0 1 0 0
-1.000 -0.260 0 0 1 0
0.880 0.410 1 0 0 0
1.000 0.820 0 0 1 0
0.020 0.940 0 0 1 0
0.590 -0.650 0 1 0 0
-0.180 -0.150 0 0 1 0
0.730 0.510 1 0 0 0
0.900 0.310 0 0 1 0
0.210 -0.170 0 0 0 1
-0.960 0.720 0 0 0 1
-0.790 -0.130 0 0 1 0
0.910 -0.870 0 0 0 1
0.790 0.150 0 0 1 0
0.060 -0.960 0 0 0 1
0.610 -0.870 0 1 0 0
0.910 -0.850 0 0 0 1
-0.040 -0.840 0 0 1 0
-0.540 -0.680 1 0 0 0
0.660 -0.380 0 1 0 0
-0.210 0.020 0 0 0 1
0.240 0.490 1 0 0 0
0.480 -0.280 0 1 0 0
0.910 0.680 0 0 1 0
0.700 -0.140 0 0 0 1
-0.530 -0.060 0 0 1 0
0.560 -0.060 0 0 0 1
0.930 -0.240 0 0 0 1
-0.420 0.840 0 1 0 0
0.390 -0.180 0 1 0 0
0.110 0.010 0 0 1 0
-0.150 0.970 0 0 0 1
0.820 0.960 0 0 1 0
0.670 0.010 0 0 1 0
-0.360 -0.130 1 0 0 0
0.160 0.590 1 0 0 0
-0.800 -0.760 1 0 0 0
-0.160 -0.090 0 0 1 0
0.090 -0.380 0 0 0 1
0.630 -0.670 0 1 0 0
-0.870 -0.870 0 0 1 0
0.950 0.800 0 0 1 0
-0.630 0.260 0 1 0 0
-0.350 -0.990 0 0 1 0
0.070 0.980 0 0 1 0
-0.960 -0.760 0 0 1 0
0.400 -0.170 0 1 0 0
-0.100 0.520 0 0 0 1
-0.590 0.980 0 0 0 1
0.040 0.990 0 0 1 0
0.750 -0.540 0 1 0 0
0.690 0.030 0 0 1 0
-0.850 -0.640 1 0 0 0
-0.960 0.150 0 0 0 1
0.580 -0.900 0 0 0 1
0.540 0.270 1 0 0 0
0.400 0.710 1 0 0 0
0.570 0.240 1 0 0 0
-0.370 -0.950 0 0 1 0
-0.910 0.520 0 0 0 1
-0.470 -0.490 1 0 0 0
0.340 -0.990 0 0 0 1
0.560 0.940 0 0 1 0
0.720 -0.840 0 0 0 1
0.250 0.050 0 0 1 0
0.990 -0.980 0 0 0 1
-0.400 -0.710 1 0 0 0
0.240 -0.830 0 0 0 1
-0.850 -0.390 1 0 0 0
-0.540 -0.200 1 0 0 0
-0.660 -0.430 1 0 0 0
0.150 0.370 1 0 0 0
-0.610 -0.180 1 0 0 0
0.210 0.270 1 0 0 0
0.800 -0.780 0 0 0 1
-0.320 0.150 0 1 0 0
-0.370 -0.920 0 0 1 0
-0.140 -0.060 0 0 1 0
-0.230 -0.400 1 0 0 0
-0.670 -0.640 1 0 0 0
-0.750 -0.210 1 0 0 0
0.300 -0.830 0 1 0 0
0.480 0.210 1 0 0 0
-0.190 0.670 0 1 0 0
0.990 0.020 0 0 1 0
0.640 -0.120 0 0 0 1
-0.770 -0.020 0 0 1 0
-0.040 -0.270 0 0 1 0
-0.790 0.360 0 1 0 0
-0.460 -1.000 0 0 1 0
-0.160 -0.470 1 0 0 0
0.900 -0.930 0 0 0 1
0.390 -0.950 0 0 0 1
-0.850 0.980 0 0 0 1
0.520 -0.390 0 1 0 0
-0.230 0.840 0 0 0 1
0.920 0.390 0 0 1 0
0.710 0.750 1 0 0 0
0.910 0.630 0 0 1 0
-0.640 0.240 0 1 0 0
0.920 -0.770 0 0 0 1
0.010 -0.640 0 0 0 1
0.510 -0.920 0 0 0 1
-0.690 -0.380 1 0 0 0
-0.480 0.870 0 1 0 0
0.300 0.880 0 0 1 0
-0.900 0.340 0 0 0 1
-0.910 -0.390 0 0 1 0
0.300 -0.540 0 1 0 0
-0.410 -0.600 1 0 0 0
0.820 0.500 1 0 0 0
0.800 0.430 1 0 0 0
0.070 0.810 0 0 1 0
0.950 -0.850 0 0 0 1
0.070 0.910 0 0 1 0
-0.310 0.790 0 1 0 0
-0.370 0.590 0 1 0 0
0.980 -0.410 0 0 0 1
0.880 -0.750 0 0 0 1
0.600 0.600 1 0 0 0
0.400 0.730 1 0 0 0
0.230 0.440 1 0 0 0
0.400 -0.340 0 1 0 0
-0.380 -0.720 1 0 0 0
0.290 0.930 0 0 1 0
0.600 0.440 1 0 0 0
0.150 -0.450 0 1 0 0
0.260 0.300 1 0 0 0
-0.090 0.690 0 0 0 1
-0.470 0.170 0 1 0 0
0.460 0.870 1 0 0 0
0.640 0.430 1 0 0 0
0.340 0.180 1 0 0 0
0.980 -0.030 0 0 0 1
-0.600 0.530 0 1 0 0
-0.920 0.260 0 0 0 1
0.360 -0.160 0 1 0 0
0.750 0.430 1 0 0 0
-0.960 -0.690 0 0 1 0
0.760 0.840 0 0 1 0
-0.290 0.940 0 0 0 1
-0.550 -0.310 1 0 0 0
-0.750 -0.360 1 0 0 0
0.890 -0.410 0 0 0 1
0.310 0.350 1 0 0 0
-0.970 -0.490 0 0 1 0
0.080 0.120 0 0 1 0
0.930 0.490 0 0 1 0
0.630 0.710 1 0 0 0
-0.820 0.180 0 0 0 1
0.830 0.680 1 0 0 0
0.920 -0.560 0 0 0 1
0.290 0.910 0 0 1 0
-0.500 -0.210 1 0 0 0
-0.370 0.620 0 1 0 0
-0.300 0.190 0 1 0 0
0.420 -0.490 0 1 0 0
-0.540 0.890 0 1 0 0
0.520 -0.630 0 1 0 0
0.410 0.830 1 0 0 0
-0.650 0.790 0 1 0 0
0.020 -0.690 0 0 0 1
0.300 -0.050 0 0 0 1
0.210 -0.540 0 1 0 0
0.460 -0.350 0 1 0 0
0.880 -0.020 0 0 0 1
-0.960 -0.830 0 0 1 0
-0.640 0.280 0 1 0 0
-0.320 -0.760 1 0 0 0
-0.080 -0.360 0 0 1 0
0.320 0.790 1 0 0 0
0.570 0.370 1 0 0 0
0.650 -0.540 0 1 0 0
-0.200 -0.010 0 0 1 0
-0.350 -0.940 0 0 1 0
-0.570 -0.380 1 0 0 0
-0.400 -0.320 1 0 0 0
0.860 -0.300 0 0 0 1
0.030 -0.710 0 0 0 1
-0.960 -0.990 0 0 1 0
0.360 -0.940 0 0 0 1
-0.770 -0.520 1 0 0 0
-0.480 -0.840 1 0 0 0
0.450 -0.120 0 1 0 0
0.250 0.940 0 0 1 0
-0.600 -0.710 1 0 0 0
0.720 0.610 1 0 0 0
0.490 -0.350 0 1 0 0
-0.970 0.190 0 0 0 1
-0.400 -0.970 0 0 1 0
-0.120 0.680 0 0 0 1
-0.500 0.760 0 1 0 0
0.200 -0.590 0 1 0 0
-0.110 -0.880 0 0 1 0
-0.500 0.820 0 1 0 0
-0.890 0.040 0 0 0 1
-0.870 -0.200 0 0 1 0
-0.640 0.810 0 1 0 0
-0.860 -0.570 1 0 0 0
-0.770 0.710 0 1 0 0
0.350 0.660 1 0 0 0
-0.770 0.320 0 1 0 0
-0.210 0.580 0 1 0 0
-0.620 -0.500 1 0 0 0
0.740 -0.100 0 0 0 1
-0.110 0.350 0 0 0 1
-0.310 -0.120 0 0 1 0
-0.910 0.340 0 0 0 1
0.620 -0.930 0 0 0 1
-0.530 0.200 0 1 0 0
0.390 0.910 0 0 1 0
0.740 0.560 1 0 0 0
0.250 -0.690 0 1 0 0
0.240 0.360 1 0 0 0
0.310 0.540 1 0 0 0
-0.330 0.350 0 1 0 0
0.630 -0.180 0 1 0 0
0.730 0.290 1 0 0 0
0.020 0.900 0 0 1 0
0.270 0.580 1 0 0 0
-0.690 -0.620 1 0 0 0
-0.250 0.430 0 1 0 0
-0.760 -0.010 0 0 1 0
-0.290 -0.580 1 0 0 0
0.660 0.400 1 0 0 0
-0.140 -0.320 0 0 1 0
-0.050 -0.490 0 0 1 0
-0.540 -0.210 1 0 0 0
-0.590 -0.260 1 0 0 0
0.900 0.800 0 0 1 0
0.730 0.640 1 0 0 0
0.690 -0.350 0 1 0 0
0.180 0.520 1 0 0 0
-0.890 -0.870 0 0 1 0
-0.830 -0.640 1 0 0 0
1.000 0.770 0 0 1 0
